
$orca_hessian_file

$act_atom
  0

$act_coord
  0

$act_energy
      -67.570486

$multiplicity
  1

$hessian
9
                    0                  1                  2                  3                  4        
    0      1.3242894634E-05   5.4468087258E-12   2.2782953647E-10  -6.6214356808E-06  -2.1175174105E-12
    1      5.4468087258E-12  -4.3458141207E-02   4.9800000061E-11   5.1099259987E-11   2.1729070669E-02
    2      2.2782953647E-10   4.9800000061E-11   2.3253591149E-02  -2.2159463921E-10   9.4647359620E-03
    3     -6.6214356808E-06   5.1099259987E-11  -2.2159463921E-10  -7.6558711382E-06   2.2359649658E-11
    4     -2.1175174105E-12   2.1729070669E-02   9.4647359620E-03   2.2359649658E-11  -5.3887164400E-04
    5      8.1664199958E-11  -1.0705692173E-02  -1.1626795570E-02   7.6401430998E-11   6.2047808700E-04
    6     -6.6214589533E-06  -1.2298458150E-11  -2.7377991091E-10   1.4277306819E-05  -2.1265548553E-11
    7     -4.7576901878E-11   2.1729070538E-02  -9.4647360296E-03  -7.2435493339E-11  -2.1190199025E-02
    8     -4.1948722781E-11   1.0705692141E-02  -1.1626795579E-02  -1.3349862616E-11  -1.0542184400E-02
                    5                  6                  7                  8        
     0      8.1664199958E-11  -6.6214589533E-06  -4.7576901878E-11  -4.1948722781E-11
     1     -1.0705692173E-02  -1.2298458150E-11   2.1729070538E-02   1.0705692141E-02
     2     -1.1626795570E-02  -2.7377991091E-10  -9.4647360296E-03  -1.1626795579E-02
     3      7.6401430998E-11   1.4277306819E-05  -7.2435493339E-11  -1.3349862616E-11
     4      6.2047808700E-04  -2.1265548553E-11  -2.1190199025E-02  -1.0542184400E-02
     5      2.9461119985E-03   4.7743987293E-13   1.0542184437E-02   8.6806835715E-03
     6      4.7743987293E-13  -7.6558478657E-06   7.6788200960E-11   1.6430052822E-10
     7      1.0542184437E-02   7.6788200960E-11  -5.3887151300E-04  -6.2047807420E-04
     8      8.6806835715E-03   1.6430052822E-10  -6.2047807420E-04   2.9461120075E-03

$vibrational_frequencies
9
    0        0.0000000000000000
    1        0.0000000000000000
    2        0.0000000000000000
    3        0.0000000000000000
    4        0.0000000000000000
    5        0.0000000000000000
    6     -889.0077501728740117
    7      387.7824612246417928
    8      856.8352171951661376

$normal_modes
9 9
                    0                  1                  2                  3                  4        
    0      0.0000000000E+00   0.0000000000E+00   0.0000000000E+00   0.0000000000E+00   0.0000000000E+00
    1      0.0000000000E+00   0.0000000000E+00   0.0000000000E+00   0.0000000000E+00   0.0000000000E+00
    2      0.0000000000E+00   0.0000000000E+00   0.0000000000E+00   0.0000000000E+00   0.0000000000E+00
    3      0.0000000000E+00   0.0000000000E+00   0.0000000000E+00   0.0000000000E+00   0.0000000000E+00
    4      0.0000000000E+00   0.0000000000E+00   0.0000000000E+00   0.0000000000E+00   0.0000000000E+00
    5      0.0000000000E+00   0.0000000000E+00   0.0000000000E+00   0.0000000000E+00   0.0000000000E+00
    6      0.0000000000E+00   0.0000000000E+00   0.0000000000E+00   0.0000000000E+00   0.0000000000E+00
    7      0.0000000000E+00   0.0000000000E+00   0.0000000000E+00   0.0000000000E+00   0.0000000000E+00
    8      0.0000000000E+00   0.0000000000E+00   0.0000000000E+00   0.0000000000E+00   0.0000000000E+00
                    5                  6                  7                  8        
     0      0.0000000000E+00   0.0000000000E+00   0.0000000000E+00   0.0000000000E+00
     1      0.0000000000E+00   7.8293407257E-02  -2.1693331535E-11  -8.1432819842E-11
     2      0.0000000000E+00  -3.3101902399E-11   7.1263944931E-02  -4.9114074303E-02
     3      0.0000000000E+00   0.0000000000E+00   0.0000000000E+00   0.0000000000E+00
     4      0.0000000000E+00  -6.2133741282E-01  -4.2144063451E-01  -5.8895954446E-01
     5      0.0000000000E+00   3.3297881577E-01  -5.6555151546E-01   3.8976987802E-01
     6      0.0000000000E+00   0.0000000000E+00   0.0000000000E+00   0.0000000000E+00
     7      0.0000000000E+00  -6.2133741129E-01   4.2144063485E-01   5.8895954576E-01
     8      0.0000000000E+00  -3.3297881524E-01  -5.6555151525E-01   3.8976987870E-01

#
# The atoms: label  mass x y z (in bohrs)
#
$atoms
3
 O     15.99900      0.000000000000     0.000000000006     0.174194585510
 H      1.00800      0.000000000000     2.904619780034    -1.382410304342
 H      1.00800      0.000000000000    -2.904619780127    -1.382410304370

$actual_temperature
  0.000000

$frequency_scale_factor
  1.000000

$dipole_derivatives
9
   -1.3422571046E-02    7.2932382789E-13    3.6859404418E-12
    3.5473943359E-14    2.5398435159E-01    2.8863578194E-10
   -2.8872158518E-14    2.0279924387E-11   -1.1023711875E-01
    6.8451758906E-03    3.8679210659E-12    4.2854608751E-12
    2.1852745843E-15   -1.2495042545E-01    9.7079317600E-02
   -4.6675465463E-15    6.4845335165E-02    5.5226619781E-02
    6.8451758534E-03    1.2933230875E-12   -4.3742787170E-12
    1.4161691537E-14   -1.2495042565E-01   -9.7079317630E-02
    7.6579713122E-15   -6.4845334995E-02    5.5226619908E-02

#
# The IR spectrum
#  wavenumber eps Int TX TY TZ
#
$ir_spectrum
9
      0.00   0.00000000   0.00000000     0.000000     0.000000     0.000000
      0.00   0.00000000   0.00000000     0.000000     0.000000     0.000000
      0.00   0.00000000   0.00000000     0.000000     0.000000     0.000000
      0.00   0.00000000   0.00000000     0.000000     0.000000     0.000000
      0.00   0.00000000   0.00000000     0.000000     0.000000     0.000000
      0.00   0.00000000   0.00000000     0.000000     0.000000     0.000000
   -889.01   0.00000000   0.00000000     0.000000     0.000000     0.000000
    387.78   0.00411916  20.81654210     0.000000    -0.000000    -0.057575
    856.84   0.00080199   4.05294332     0.000000    -0.000000    -0.017091


$end

