
$orca_hessian_file

$act_atom
  0

$act_coord
  0

$act_energy
      -67.630222

$multiplicity
  1

$hessian
9
                    0                  1                  2                  3                  4        
    0     -5.0587329065E-05  -9.9967280716E-14   1.6317752608E-12   2.5293664503E-05   2.3441655635E-13
    1     -9.9967280716E-14   8.3743462029E-02   2.9999995543E-12   1.8221928106E-14  -4.1871731015E-02
    2      1.6317752608E-12   2.9999995543E-12   9.6781764326E-02   1.1329315811E-12   2.2116807547E-02
    3      2.5293664503E-05   1.8221928106E-14   1.1329315811E-12   7.9823073177E-05   9.5840887312E-13
    4      2.3441655635E-13  -4.1871731015E-02   2.2116807547E-02   9.5840887312E-13   5.1205430416E-02
    5     -2.0106621533E-13   3.9300966546E-02  -4.8390882162E-02  -1.1614171297E-12  -3.0708887047E-02
    6      2.5293664562E-05  -8.0826154411E-14  -4.3078849174E-12  -1.0511673768E-04  -1.4227528519E-12
    7      2.8122231387E-14  -4.1871731014E-02  -2.2116807551E-02  -7.4670337879E-13  -9.3336994006E-03
    8      1.1246902996E-13  -3.9300966548E-02  -4.8390882164E-02  -6.5189579162E-13   8.4930797365E-03
                    5                  6                  7                  8        
     0     -2.0106621533E-13   2.5293664562E-05   2.8122231387E-14   1.1246902996E-13
     1      3.9300966546E-02  -8.0826154411E-14  -4.1871731014E-02  -3.9300966548E-02
     2     -4.8390882162E-02  -4.3078849174E-12  -2.2116807551E-02  -4.8390882164E-02
     3     -1.1614171297E-12  -1.0511673768E-04  -7.4670337879E-13  -6.5189579162E-13
     4     -3.0708887047E-02  -1.4227528519E-12  -9.3336994006E-03   8.4930797365E-03
     5      4.2605400192E-02   2.0428646853E-12  -8.4930797364E-03   5.7854819700E-03
     6      2.0428646853E-12   7.9823073118E-05   1.1110800769E-12   1.4022234969E-12
     7     -8.4930797364E-03   1.1110800769E-12   5.1205430415E-02   3.0708887049E-02
     8      5.7854819700E-03   1.4022234969E-12   3.0708887049E-02   4.2605400194E-02

$vibrational_frequencies
9
    0        0.0000000000000000
    1        0.0000000000000000
    2        0.0000000000000000
    3        0.0000000000000000
    4        0.0000000000000000
    5        0.0000000000000000
    6      940.7096757884656881
    7     1459.5864304714900754
    8     1483.1363034350845282

$normal_modes
9 9
                    0                  1                  2                  3                  4        
    0      0.0000000000E+00   0.0000000000E+00   0.0000000000E+00   0.0000000000E+00   0.0000000000E+00
    1      0.0000000000E+00   0.0000000000E+00   0.0000000000E+00   0.0000000000E+00   0.0000000000E+00
    2      0.0000000000E+00   0.0000000000E+00   0.0000000000E+00   0.0000000000E+00   0.0000000000E+00
    3      0.0000000000E+00   0.0000000000E+00   0.0000000000E+00   0.0000000000E+00   0.0000000000E+00
    4      0.0000000000E+00   0.0000000000E+00   0.0000000000E+00   0.0000000000E+00   0.0000000000E+00
    5      0.0000000000E+00   0.0000000000E+00   0.0000000000E+00   0.0000000000E+00   0.0000000000E+00
    6      0.0000000000E+00   0.0000000000E+00   0.0000000000E+00   0.0000000000E+00   0.0000000000E+00
    7      0.0000000000E+00   0.0000000000E+00   0.0000000000E+00   0.0000000000E+00   0.0000000000E+00
    8      0.0000000000E+00   0.0000000000E+00   0.0000000000E+00   0.0000000000E+00   0.0000000000E+00
                    5                  6                  7                  8        
     0      0.0000000000E+00   0.0000000000E+00   0.0000000000E+00   0.0000000000E+00
     1      0.0000000000E+00   1.4195077556E-12   3.1076016758E-11  -6.4741206391E-02
     2      0.0000000000E+00  -6.4991411138E-02  -5.6778767939E-02  -2.9051031413E-11
     3      0.0000000000E+00   0.0000000000E+00   0.0000000000E+00   0.0000000000E+00
     4      0.0000000000E+00   4.8152535803E-01  -5.4346154341E-01   5.1378698439E-01
     5      0.0000000000E+00   5.1577261251E-01   4.5059697853E-01  -4.8366023434E-01
     6      0.0000000000E+00   0.0000000000E+00   0.0000000000E+00   0.0000000000E+00
     7      0.0000000000E+00  -4.8152535805E-01   5.4346154292E-01   5.1378698490E-01
     8      0.0000000000E+00   5.1577261249E-01   4.5059697807E-01   4.8366023480E-01

#
# The atoms: label  mass x y z (in bohrs)
#
$atoms
3
 O     15.99900      0.000000000000    -0.000000000000     0.206642057713
 H      1.00800      0.000000000000     1.961576151474    -1.639913830031
 H      1.00800      0.000000000000    -1.961576151474    -1.639913830031

$actual_temperature
  0.000000

$frequency_scale_factor
  1.000000

$dipole_derivatives
9
   -1.6051315875E-01   -2.2426654175E-12   -5.7509552676E-12
    6.5308261450E-14    1.8431465900E-01    1.8474111130E-11
   -7.3842401157E-13   -5.6621645306E-13    3.1868502695E-02
    7.9084366311E-02   -4.1261075502E-13   -6.8678396303E-11
    6.2140430021E-14   -9.8681047305E-02    1.5850771125E-01
   -2.9884557693E-14    1.6911901800E-01   -1.3056227041E-02
    7.9084366303E-02   -2.7333848076E-12    1.5389911567E-10
    9.5773016998E-16   -9.8681047298E-02   -1.5850771126E-01
    5.9884451415E-16   -1.6911901800E-01   -1.3056227043E-02

#
# The IR spectrum
#  wavenumber eps Int TX TY TZ
#
$ir_spectrum
9
      0.00   0.00000000   0.00000000     0.000000     0.000000     0.000000
      0.00   0.00000000   0.00000000     0.000000     0.000000     0.000000
      0.00   0.00000000   0.00000000     0.000000     0.000000     0.000000
      0.00   0.00000000   0.00000000     0.000000     0.000000     0.000000
      0.00   0.00000000   0.00000000     0.000000     0.000000     0.000000
      0.00   0.00000000   0.00000000     0.000000     0.000000     0.000000
    940.71   0.00338517  17.10727914     0.000000     0.000000     0.033511
   1459.59   0.00630856  31.88088688    -0.000000     0.000000    -0.036726
   1483.14   0.01381530  69.81684218     0.000000    -0.053915    -0.000000


$end

