
$orca_hessian_file

$act_atom
  0

$act_coord
  0

$act_energy
      -76.168901

$multiplicity
  1

$hessian
9
                    0                  1                  2                  3                  4        
    0      1.5235312831E-03   4.9775621473E-07   1.1641893272E-07  -7.6180576049E-04  -3.0290657802E-07
    1      4.9775621473E-07  -2.5542638401E-01   6.1603000007E-08   1.5572893190E-08   1.2771375067E-01
    2      1.1641893272E-07   6.1603000007E-08   1.7976160778E-01  -5.0384488106E-08   8.0233389128E-02
    3     -7.6180576049E-04   1.5572893190E-08  -5.0384488106E-08   6.3331588525E-04   7.0694859850E-08
    4     -3.0290657802E-07   1.2771375067E-01   8.0233389128E-02   7.0694859850E-08  -1.1221114880E-02
    5     -6.1357285461E-07  -8.9892226781E-02  -8.9880224254E-02   1.0283594183E-07   4.8293993745E-03
    6     -7.6172552264E-04  -4.5670705893E-07   3.8550614336E-07   1.2848987524E-04   3.1276869870E-07
    7     -2.5147168570E-07   1.2771263334E-01  -8.0233719248E-02  -1.6682473357E-07  -1.1649263579E-01
    8      4.5613333907E-08   8.9892433695E-02  -8.9881383523E-02  -8.5596518548E-09  -8.4758193564E-02
                    5                  6                  7                  8        
     0     -6.1357285461E-07  -7.6172552264E-04  -2.5147168570E-07   4.5613333907E-08
     1     -8.9892226781E-02  -4.5670705893E-07   1.2771263334E-01   8.9892433695E-02
     2     -8.9880224254E-02   3.8550614336E-07  -8.0233719248E-02  -8.9881383523E-02
     3      1.0283594183E-07   1.2848987524E-04  -1.6682473357E-07  -8.5596518548E-09
     4      4.8293993745E-03   3.1276869870E-07  -1.1649263579E-01  -8.4758193564E-02
     5      1.3463254444E-02   4.6684511091E-07   8.4758232468E-02   7.6416969810E-02
     6      4.6684511091E-07   6.3323564740E-04   2.8111738975E-07  -4.4470246816E-07
     7      8.4758232468E-02   2.8111738975E-07  -1.1219997550E-02  -4.8293766755E-03
     8      7.6416969810E-02  -4.4470246816E-07  -4.8293766755E-03   1.3464413713E-02

$vibrational_frequencies
9
    0        0.0000000000000000
    1        0.0000000000000000
    2        0.0000000000000000
    3        0.0000000000000000
    4        0.0000000000000000
    5        0.0000000000000000
    6    -2327.7722910318939284
    7      693.8146016142045482
    8     2220.6389339579313855

$normal_modes
9 9
                    0                  1                  2                  3                  4        
    0      0.0000000000E+00   0.0000000000E+00   0.0000000000E+00   0.0000000000E+00   0.0000000000E+00
    1      0.0000000000E+00   0.0000000000E+00   0.0000000000E+00   0.0000000000E+00   0.0000000000E+00
    2      0.0000000000E+00   0.0000000000E+00   0.0000000000E+00   0.0000000000E+00   0.0000000000E+00
    3      0.0000000000E+00   0.0000000000E+00   0.0000000000E+00   0.0000000000E+00   0.0000000000E+00
    4      0.0000000000E+00   0.0000000000E+00   0.0000000000E+00   0.0000000000E+00   0.0000000000E+00
    5      0.0000000000E+00   0.0000000000E+00   0.0000000000E+00   0.0000000000E+00   0.0000000000E+00
    6      0.0000000000E+00   0.0000000000E+00   0.0000000000E+00   0.0000000000E+00   0.0000000000E+00
    7      0.0000000000E+00   0.0000000000E+00   0.0000000000E+00   0.0000000000E+00   0.0000000000E+00
    8      0.0000000000E+00   0.0000000000E+00   0.0000000000E+00   0.0000000000E+00   0.0000000000E+00
                    5                  6                  7                  8        
     0      0.0000000000E+00   0.0000000000E+00   0.0000000000E+00   0.0000000000E+00
     1      0.0000000000E+00  -7.3131620115E-02   3.3211104175E-08  -1.0733810771E-07
     2      0.0000000000E+00   7.0524351274E-08  -6.1761558995E-02  -6.0219801329E-02
     3      0.0000000000E+00   0.0000000000E+00   0.0000000000E+00   0.0000000000E+00
     4      0.0000000000E+00   5.8037440630E-01   5.0779406202E-01  -5.1941568732E-01
     5      0.0000000000E+00  -4.0061582466E-01   4.9014053205E-01   4.7790440347E-01
     6      0.0000000000E+00   0.0000000000E+00   0.0000000000E+00   0.0000000000E+00
     7      0.0000000000E+00   5.8037240938E-01  -5.0779458914E-01   5.1941739099E-01
     8      0.0000000000E+00   4.0061470530E-01   4.9014040284E-01   4.7790571703E-01

#
# The atoms: label  mass x y z (in bohrs)
#
$atoms
3
 O     15.99900      0.000000000000    -0.000000036536     0.130817064914
 H      1.00800      0.000000000000     1.693511794204    -1.038165860644
 H      1.00800      0.000000000000    -1.693511214299    -1.038165708355

$actual_temperature
  0.000000

$frequency_scale_factor
  1.000000

$dipole_derivatives
9
   -6.3762964735E-01   -1.1507183088E-06   -3.0980090715E-07
    3.9732103403E-07   -4.2863961812E-01   -1.8135021596E-06
    2.4696977614E-07   -4.6907372903E-07   -3.1555073783E-01
    3.1860310772E-01    1.4649443822E-08    5.9446780831E-09
   -1.6808682485E-07    2.1430186301E-01    8.9433864311E-02
    1.3986399053E-08    7.1815662946E-02    1.5743156565E-01
    3.1860743079E-01   -2.9739432911E-08    2.5271895687E-08
   -8.9675959591E-08    2.1430064419E-01   -8.9432340161E-02
   -7.6220282622E-08   -7.1813751925E-02    1.5743058284E-01

#
# The IR spectrum
#  wavenumber eps Int TX TY TZ
#
$ir_spectrum
9
      0.00   0.00000000   0.00000000     0.000000     0.000000     0.000000
      0.00   0.00000000   0.00000000     0.000000     0.000000     0.000000
      0.00   0.00000000   0.00000000     0.000000     0.000000     0.000000
      0.00   0.00000000   0.00000000     0.000000     0.000000     0.000000
      0.00   0.00000000   0.00000000     0.000000     0.000000     0.000000
      0.00   0.00000000   0.00000000     0.000000     0.000000     0.000000
  -2327.77   0.00000000   0.00000000     0.000000     0.000000     0.000000
    693.81   0.01268374  64.09841130    -0.000000     0.000000     0.075531
   2220.64   0.00106464   5.38023887    -0.000000     0.000000     0.012232


$end

