
$orca_hessian_file

$act_atom
  0

$act_coord
  0

$act_energy
      -56.103874

$multiplicity
  1

$hessian
12
                    0                  1                  2                  3                  4        
    0      6.1631855896E-01   4.9127596675E-09  -5.7199287899E-09  -5.3400230841E-02  -9.2092841059E-09
    1      4.9127596675E-09   6.1639600434E-01   6.1181825000E-06   3.3376476627E-10  -3.5755940477E-01
    2     -5.7199287899E-09   6.1181825000E-06   1.9407154289E-01   2.2398903736E-08   1.1303281347E-01
    3     -5.3400230841E-02   3.3376476627E-10   2.2398903736E-08   5.2908104645E-02   8.2549596694E-09
    4     -9.2092841059E-09  -3.5755940477E-01   1.1303281347E-01   8.2549596694E-09   3.8842045478E-01
    5     -7.2830461519E-09   1.6382473599E-01  -6.4682181113E-02  -9.7494287918E-09  -1.3252524158E-01
    6     -2.8145917086E-01  -1.3165982457E-01  -9.7887356946E-02   2.4604416135E-04   3.1536382091E-03
    7     -1.3167651205E-01  -1.2941830064E-01  -5.6519345202E-02  -3.0338466347E-02  -1.5430521707E-02
    8     -1.4186674883E-01  -8.1915523646E-02  -6.4694672782E-02   1.2306253535E-02   9.5174842097E-03
    9     -2.8145915726E-01   1.3165980929E-01   9.7887353400E-02   2.4608203458E-04  -3.1536440085E-03
   10      1.3167652638E-01  -1.2941829893E-01  -5.6519387936E-02   3.0338464512E-02  -1.5430528304E-02
   11      1.4186674870E-01  -8.1915529041E-02  -6.4694688997E-02  -1.2306254136E-02   9.5174867337E-03
                    5                  6                  7                  8                  9        
    0     -7.2830461519E-09  -2.8145917086E-01  -1.3167651205E-01  -1.4186674883E-01  -2.8145915726E-01
    1      1.6382473599E-01  -1.3165982457E-01  -1.2941830064E-01  -8.1915523646E-02   1.3165980929E-01
    2     -6.4682181113E-02  -9.7887356946E-02  -5.6519345202E-02  -6.4694672782E-02   9.7887353400E-02
    3     -9.7494287918E-09   2.4604416135E-04  -3.0338466347E-02   1.2306253535E-02   2.4608203458E-04
    4     -1.3252524158E-01   3.1536382091E-03  -1.5430521707E-02   9.5174842097E-03  -3.1536440085E-03
    5      6.3346757980E-02  -2.0874873154E-03  -1.5421023560E-02   6.6771307734E-04   2.0874922994E-03
    6     -2.0874873154E-03   3.0448569749E-01   1.4526058136E-01   1.1476767539E-01  -2.3272570788E-02
    7     -1.5421023560E-02   1.4526058136E-01   1.3673100546E-01   6.6264530507E-02   1.6755321898E-02
    8      6.6771307734E-04   1.1476767539E-01   6.6264530507E-02   6.3368672948E-02   1.4390776862E-02
    9      2.0874922994E-03  -2.3272570788E-02   1.6755321898E-02   1.4390776862E-02   3.0448564601E-01
   10     -1.5421013688E-02  -1.6755319864E-02   8.1178168874E-03   5.9046731535E-03  -1.4526057910E-01
   11      6.6771005578E-04  -1.4390788090E-02   5.9046740311E-03   6.5828675693E-04  -1.1476766452E-01
                   10                 11        
     0      1.3167652638E-01   1.4186674870E-01
     1     -1.2941829893E-01  -8.1915529041E-02
     2     -5.6519387936E-02  -6.4694688997E-02
     3      3.0338464512E-02  -1.2306254136E-02
     4     -1.5430528304E-02   9.5174867337E-03
     5     -1.5421013688E-02   6.6771005578E-04
     6     -1.6755319864E-02  -1.4390788090E-02
     7      8.1178168874E-03   5.9046740311E-03
     8      5.9046731535E-03   6.5828675693E-04
     9     -1.4526057910E-01  -1.1476766452E-01
    10      1.3673101035E-01   6.6264548373E-02
    11      6.6264548373E-02   6.3368692184E-02

$vibrational_frequencies
12
    0        0.0000000000000000
    1        0.0000000000000000
    2        0.0000000000000000
    3        0.0000000000000000
    4        0.0000000000000000
    5        0.0000000000000000
    6      965.3277705886887361
    7     1582.0789849315433457
    8     1582.1002076688218949
    9     3401.7488504811949497
   10     3532.6207050066409465
   11     3532.7670369857110018

$normal_modes
12 12
                    0                  1                  2                  3                  4        
    0      0.0000000000E+00   0.0000000000E+00   0.0000000000E+00   0.0000000000E+00   0.0000000000E+00
    1      0.0000000000E+00   0.0000000000E+00   0.0000000000E+00   0.0000000000E+00   0.0000000000E+00
    2      0.0000000000E+00   0.0000000000E+00   0.0000000000E+00   0.0000000000E+00   0.0000000000E+00
    3      0.0000000000E+00   0.0000000000E+00   0.0000000000E+00   0.0000000000E+00   0.0000000000E+00
    4      0.0000000000E+00   0.0000000000E+00   0.0000000000E+00   0.0000000000E+00   0.0000000000E+00
    5      0.0000000000E+00   0.0000000000E+00   0.0000000000E+00   0.0000000000E+00   0.0000000000E+00
    6      0.0000000000E+00   0.0000000000E+00   0.0000000000E+00   0.0000000000E+00   0.0000000000E+00
    7      0.0000000000E+00   0.0000000000E+00   0.0000000000E+00   0.0000000000E+00   0.0000000000E+00
    8      0.0000000000E+00   0.0000000000E+00   0.0000000000E+00   0.0000000000E+00   0.0000000000E+00
    9      0.0000000000E+00   0.0000000000E+00   0.0000000000E+00   0.0000000000E+00   0.0000000000E+00
   10      0.0000000000E+00   0.0000000000E+00   0.0000000000E+00   0.0000000000E+00   0.0000000000E+00
   11      0.0000000000E+00   0.0000000000E+00   0.0000000000E+00   0.0000000000E+00   0.0000000000E+00
                    5                  6                  7                  8                  9        
    0      0.0000000000E+00  -1.9678655786E-09   6.7520508494E-02   1.3395498380E-04   3.2801480681E-08
    1      0.0000000000E+00  -7.1978546562E-06  -1.3394787261E-04   6.7518845101E-02  -7.7847780459E-05
    2      0.0000000000E+00   1.1572943143E-01  -6.1375899607E-09   7.0053270876E-06  -3.7165351162E-02
    3      0.0000000000E+00   4.8036430720E-08  -7.6324422416E-01  -1.5141719400E-03  -1.6015230171E-08
    4      0.0000000000E+00  -2.0373716202E-01  -2.7327030380E-04   1.3774638432E-01  -5.4992157279E-01
    5      0.0000000000E+00  -5.3608475855E-01  -4.9438650173E-04   2.4918633687E-01   1.7186181312E-01
    6      0.0000000000E+00   1.7644668434E-01  -8.8278771666E-02   3.8997695190E-01   4.7723027844E-01
    7      0.0000000000E+00   1.0191855740E-01   3.9120316092E-01  -5.3721453954E-01   2.7550154857E-01
    8      0.0000000000E+00  -5.3603605990E-01  -2.1558736033E-01  -1.2507003848E-01   1.7229075134E-01
    9      0.0000000000E+00  -1.7644670503E-01  -8.6730736787E-02  -3.9032419609E-01  -4.7723071822E-01
   10      0.0000000000E+00   1.0191862481E-01  -3.8906857330E-01  -5.3876246317E-01   2.7550178400E-01
   11      0.0000000000E+00  -5.3603607252E-01   2.1608183211E-01  -1.2421364325E-01   1.7229096106E-01
                   10                 11        
     0     -7.9369065575E-02   1.7561732044E-05
     1      1.7565605795E-05   7.9370528099E-02
     2     -1.9889678480E-08  -3.4651980415E-05
     3     -2.3730091486E-02   5.2579512801E-06
     4     -1.6829951542E-04  -7.5958023683E-01
     5      6.4928317521E-05   2.9312417122E-01
     6      5.6324003307E-01  -3.3854415127E-01
     7      3.3889629329E-01  -1.7174469770E-01
     8      2.5367786002E-01  -1.4637746417E-01
     9      5.6338936547E-01   3.3829485841E-01
    10     -3.3897208251E-01  -1.7159469551E-01
    11     -2.5374251196E-01  -1.4626518890E-01

#
# The atoms: label  mass x y z (in bohrs)
#
$atoms
4
 N     14.00700      0.000000000007     0.000001693948     0.126895639136
 H      1.00800     -0.000000000151     1.793665538135    -0.587771867037
 H      1.00800     -1.553365190217    -0.896844538371    -0.587774392566
 H      1.00800      1.553365190272    -0.896844538577    -0.587774392553

$actual_temperature
  0.000000

$frequency_scale_factor
  1.000000

$dipole_derivatives
12
   -4.0408140636E-01   -3.6404513627E-09    1.7691959009E-09
    4.6082746451E-10   -4.0408088121E-01    3.2463919564E-05
   -2.1432703160E-10    1.0524991187E-05   -5.9119846576E-01
    1.6827046971E-01    1.2313191021E-09   -1.6955326032E-10
   -3.5038675845E-09    1.0319955804E-01    9.1846964883E-02
   -1.6097298895E-09    1.3822234501E-01    1.8604220897E-01
    1.1919291312E-01   -2.7700839085E-02   -7.9584254778E-02
   -2.7692916552E-02    1.5115832521E-01   -4.6109017821E-02
   -1.1971496260E-01   -6.9118243593E-02    1.8606255549E-01
    1.1919293409E-01    2.7700844386E-02    7.9584260539E-02
    2.7692915907E-02    1.5115831946E-01   -4.6109022867E-02
    1.1971496346E-01   -6.9118241954E-02    1.8606255861E-01

#
# The IR spectrum
#  wavenumber eps Int TX TY TZ
#
$ir_spectrum
12
      0.00   0.00000000   0.00000000     0.000000     0.000000     0.000000
      0.00   0.00000000   0.00000000     0.000000     0.000000     0.000000
      0.00   0.00000000   0.00000000     0.000000     0.000000     0.000000
      0.00   0.00000000   0.00000000     0.000000     0.000000     0.000000
      0.00   0.00000000   0.00000000     0.000000     0.000000     0.000000
      0.00   0.00000000   0.00000000     0.000000     0.000000     0.000000
    965.33   0.02931327 148.13726751     0.000000     0.000004    -0.097346
   1582.08   0.00387964  19.60611803    -0.027663     0.000055    -0.000000
   1582.10   0.00383459  19.37842662    -0.000055    -0.027502     0.000026
   3401.75   0.00021501   1.08656747    -0.000000     0.000009    -0.004441
   3532.62   0.00121485   6.13933347     0.010359    -0.000002    -0.000000
   3532.77   0.00121543   6.14228513    -0.000002    -0.010362     0.000005

#
# The IR spectrum
#  wavenumber eps Int TX TY TZ
#
$ir_spectrum
12
      0.00   0.00000000   0.00000000     0.000000     0.000000     0.000000
      0.00   0.00000000   0.00000000     0.000000     0.000000     0.000000
      0.00   0.00000000   0.00000000     0.000000     0.000000     0.000000
      0.00   0.00000000   0.00000000     0.000000     0.000000     0.000000
      0.00   0.00000000   0.00000000     0.000000     0.000000     0.000000
      0.00   0.00000000   0.00000000     0.000000     0.000000     0.000000
    965.33   0.02931327 148.13726751     0.000000     0.000004    -0.097346
   1582.08   0.00387964  19.60611803    -0.027663     0.000055    -0.000000
   1582.10   0.00383459  19.37842662    -0.000055    -0.027502     0.000026
   3401.75   0.00021501   1.08656747    -0.000000     0.000009    -0.004441
   3532.62   0.00121485   6.13933347     0.010359    -0.000002    -0.000000
   3532.77   0.00121543   6.14228513    -0.000002    -0.010362     0.000005


$end

