
$orca_hessian_file

$act_atom
  0

$act_coord
  0

$act_energy
      -56.515921

$multiplicity
  1

$hessian
12
                    0                  1                  2                  3                  4        
    0      6.5394376615E-01  -2.5620413033E-07   4.9037597425E-10  -5.9392005156E-02   2.6804781270E-07
    1     -2.5620413033E-07   6.5401455338E-01  -1.4897815000E-06   8.3940447955E-08  -3.7661718935E-01
    2      4.9037597425E-10  -1.4897815000E-06   2.1666021111E-01   5.1087387110E-08   1.2114836769E-01
    3     -5.9392005156E-02   8.3940447955E-08   5.1087387110E-08   5.8429049078E-02  -1.4457113033E-07
    4      2.6804781270E-07  -3.7661718935E-01   1.2114836769E-01  -1.4457113033E-07   4.1089734042E-01
    5      1.2163186095E-07   1.7626364787E-01  -7.2237385780E-02   6.2168225969E-08  -1.4189808317E-01
    6     -2.9727592933E-01  -1.3737006104E-01  -1.0488939692E-01   4.8154738078E-04   2.9176017580E-03
    7     -1.3739830674E-01  -1.3869871621E-01  -6.0570641743E-02  -3.3438091007E-02  -1.7140015618E-02
    8     -1.5260874123E-01  -8.8133841593E-02  -7.2211355131E-02   1.3868037663E-02   1.0374947657E-02
    9     -2.9727583166E-01   1.3736981455E-01   1.0488953588E-01   4.8140869717E-04  -2.9176998680E-03
   10      1.3739871365E-01  -1.3869864782E-01  -6.0570702295E-02   3.3438126271E-02  -1.7140135455E-02
   11      1.5260842857E-01  -8.8133850366E-02  -7.2211470198E-02  -1.3868050189E-02   1.0375085535E-02
                    5                  6                  7                  8                  9        
    0      1.2163186095E-07  -2.9727592933E-01  -1.3739830674E-01  -1.5260874123E-01  -2.9727583166E-01
    1      1.7626364787E-01  -1.3737006104E-01  -1.3869871621E-01  -8.8133841593E-02   1.3736981455E-01
    2     -7.2237385780E-02  -1.0488939692E-01  -6.0570641743E-02  -7.2211355131E-02   1.0488953588E-01
    3      6.2168225969E-08   4.8154738078E-04  -3.3438091007E-02   1.3868037663E-02   4.8140869717E-04
    4     -1.4189808317E-01   2.9176017580E-03  -1.7140015618E-02   1.0374947657E-02  -2.9176998680E-03
    5      7.1533454942E-02  -2.0471982222E-03  -1.7183019939E-02   3.5192118963E-04   2.0469136925E-03
    6     -2.0471982222E-03   3.2274584203E-01   1.5264445631E-01   1.2283861740E-01  -2.5951460080E-02
    7     -1.7183019939E-02   1.5264445631E-01   1.4653923719E-01   7.0936349195E-02   1.8190122485E-02
    8      3.5192118963E-04   1.2283861740E-01   7.0936349195E-02   7.1518058531E-02   1.5900886430E-02
    9      2.0469136925E-03  -2.5951460080E-02   1.8190122485E-02   1.5900886430E-02   3.2274588304E-01
   10     -1.7182862468E-02  -1.8190178071E-02   9.2994946422E-03   6.8198859128E-03  -1.5264444951E-01
   11      3.5200964800E-04  -1.5900822519E-02   6.8199713145E-03   3.4137541048E-04  -1.2283844593E-01
                   10                 11        
     0      1.3739871365E-01   1.5260842857E-01
     1     -1.3869864782E-01  -8.8133850366E-02
     2     -6.0570702295E-02  -7.2211470198E-02
     3      3.3438126271E-02  -1.3868050189E-02
     4     -1.7140135455E-02   1.0375085535E-02
     5     -1.7182862468E-02   3.5200964800E-04
     6     -1.8190178071E-02  -1.5900822519E-02
     7      9.2994946422E-03   6.8199713145E-03
     8      6.8198859128E-03   3.4137541048E-04
     9     -1.5264444951E-01  -1.2283844593E-01
    10      1.4653928863E-01   7.0936236183E-02
    11      7.0936236183E-02   7.1518085140E-02

$vibrational_frequencies
12
    0        0.0000000000000000
    1        0.0000000000000000
    2        0.0000000000000000
    3        0.0000000000000000
    4        0.0000000000000000
    5        0.0000000000000000
    6     1037.8920341452201228
    7     1666.5873925036589753
    8     1666.6199117533817571
    9     3508.9096207237248564
   10     3637.6235957774151757
   11     3637.7279566552888355

$normal_modes
12 12
                    0                  1                  2                  3                  4        
    0      0.0000000000E+00   0.0000000000E+00   0.0000000000E+00   0.0000000000E+00   0.0000000000E+00
    1      0.0000000000E+00   0.0000000000E+00   0.0000000000E+00   0.0000000000E+00   0.0000000000E+00
    2      0.0000000000E+00   0.0000000000E+00   0.0000000000E+00   0.0000000000E+00   0.0000000000E+00
    3      0.0000000000E+00   0.0000000000E+00   0.0000000000E+00   0.0000000000E+00   0.0000000000E+00
    4      0.0000000000E+00   0.0000000000E+00   0.0000000000E+00   0.0000000000E+00   0.0000000000E+00
    5      0.0000000000E+00   0.0000000000E+00   0.0000000000E+00   0.0000000000E+00   0.0000000000E+00
    6      0.0000000000E+00   0.0000000000E+00   0.0000000000E+00   0.0000000000E+00   0.0000000000E+00
    7      0.0000000000E+00   0.0000000000E+00   0.0000000000E+00   0.0000000000E+00   0.0000000000E+00
    8      0.0000000000E+00   0.0000000000E+00   0.0000000000E+00   0.0000000000E+00   0.0000000000E+00
    9      0.0000000000E+00   0.0000000000E+00   0.0000000000E+00   0.0000000000E+00   0.0000000000E+00
   10      0.0000000000E+00   0.0000000000E+00   0.0000000000E+00   0.0000000000E+00   0.0000000000E+00
   11      0.0000000000E+00   0.0000000000E+00   0.0000000000E+00   0.0000000000E+00   0.0000000000E+00
                    5                  6                  7                  8                  9        
    0      0.0000000000E+00   7.3745876657E-08   4.2122950808E-04   6.7103999999E-02   1.6790394892E-08
    1      0.0000000000E+00  -2.9241582511E-06   6.7096189993E-02  -4.2116848104E-04  -4.7229322824E-05
    2      0.0000000000E+00   1.1551705167E-01   7.3959514424E-06  -1.6835046220E-07  -3.7660265855E-02
    3      0.0000000000E+00  -7.5972369777E-07  -4.7840388908E-03  -7.6210159698E-01   3.5704571236E-07
    4      0.0000000000E+00  -2.0639781161E-01   1.4049382651E-01  -8.8229119731E-04  -5.4950964294E-01
    5      0.0000000000E+00  -5.3509421245E-01   2.5116192678E-01  -1.5759997989E-03   1.7426663080E-01
    6      0.0000000000E+00   1.7867866752E-01   3.9033997204E-01  -8.7635977002E-02   4.7644032012E-01
    7      0.0000000000E+00   1.0321958473E-01  -5.3397228271E-01   3.9418399131E-01   2.7508259030E-01
    8      0.0000000000E+00  -5.3505598277E-01  -1.2699808090E-01  -2.1677869941E-01   1.7452701924E-01
    9      0.0000000000E+00  -1.7867893255E-01  -3.9140926819E-01  -8.2728426007E-02  -4.7644091048E-01
   10      0.0000000000E+00   1.0321886050E-01  -5.3887901724E-01  -3.8744921309E-01   2.7508334344E-01
   11      0.0000000000E+00  -5.3505550201E-01  -1.2426661879E-01   2.1835703858E-01   1.7452712757E-01
                   10                 11        
     0     -7.9294336343E-02   1.6026687567E-04
     1      1.6029429978E-04   7.9301552626E-02
     2     -6.5346578335E-08  -2.5070397362E-05
     3     -2.2925918842E-02   4.6620600835E-05
     4     -1.5322880115E-03  -7.5782773692E-01
     5      6.0041118889E-04   2.9700461644E-01
     6      5.6171117767E-01  -3.3875805885E-01
     7      3.3759869151E-01  -1.7275000188E-01
     8      2.5679429984E-01  -1.4884775045E-01
     9      5.6307562328E-01   3.3648439645E-01
    10     -3.3829382638E-01  -1.7138341957E-01
    11     -2.5739380299E-01  -1.4780849192E-01

#
# The atoms: label  mass x y z (in bohrs)
#
$atoms
4
 N     14.00700     -0.000000000418     0.000004165665     0.127201230856
 H      1.00800      0.000000001568     1.772658727889    -0.589184428594
 H      1.00800     -1.535167967442    -0.886358306321    -0.589191337179
 H      1.00800      1.535167971682    -0.886358306958    -0.589191338003

$actual_temperature
  0.000000

$frequency_scale_factor
  1.000000

$dipole_derivatives
12
   -3.6680196491E-01   -1.2630885851E-06   -1.7661954343E-06
    7.8516589381E-07   -3.6681595912E-01    1.5329576619E-04
    3.6258643939E-08    1.2653549648E-04   -5.7502898866E-01
    1.6272208140E-01    4.5712350493E-08   -1.5939002340E-07
   -6.7334176765E-07    8.2220606341E-02    9.5531516511E-02
   -7.6073610326E-07    1.4040932065E-01    1.9181227760E-01
    1.0218655002E-01   -3.4651569104E-02   -8.2714175992E-02
   -3.4694767355E-02    1.4229800154E-01   -4.7753135513E-02
   -1.2162757334E-01   -7.0269192380E-02    1.9162344552E-01
    1.0218655841E-01    3.4652170603E-02    8.2714391311E-02
    3.4694126010E-02    1.4229529880E-01   -4.7754332642E-02
    1.2162816874E-01   -7.0269954219E-02    1.9162611216E-01

#
# The IR spectrum
#  wavenumber eps Int TX TY TZ
#
$ir_spectrum
12
      0.00   0.00000000   0.00000000     0.000000     0.000000     0.000000
      0.00   0.00000000   0.00000000     0.000000     0.000000     0.000000
      0.00   0.00000000   0.00000000     0.000000     0.000000     0.000000
      0.00   0.00000000   0.00000000     0.000000     0.000000     0.000000
      0.00   0.00000000   0.00000000     0.000000     0.000000     0.000000
      0.00   0.00000000   0.00000000     0.000000     0.000000     0.000000
   1037.89   0.03064954 154.89018858     0.000000     0.000023    -0.095997
   1666.59   0.00353979  17.88865175    -0.000162    -0.025745     0.000005
   1666.62   0.00355679  17.97454039    -0.025806     0.000162     0.000000
   3508.91   0.00023839   1.20473316     0.000000     0.000005    -0.004604
   3637.62   0.00052202   2.63808709     0.006692    -0.000013     0.000000
   3637.73   0.00052427   2.64944222    -0.000013    -0.006706     0.000005

#
# The IR spectrum
#  wavenumber eps Int TX TY TZ
#
$ir_spectrum
12
      0.00   0.00000000   0.00000000     0.000000     0.000000     0.000000
      0.00   0.00000000   0.00000000     0.000000     0.000000     0.000000
      0.00   0.00000000   0.00000000     0.000000     0.000000     0.000000
      0.00   0.00000000   0.00000000     0.000000     0.000000     0.000000
      0.00   0.00000000   0.00000000     0.000000     0.000000     0.000000
      0.00   0.00000000   0.00000000     0.000000     0.000000     0.000000
   1037.89   0.03064954 154.89018858     0.000000     0.000023    -0.095997
   1666.59   0.00353979  17.88865175    -0.000162    -0.025745     0.000005
   1666.62   0.00355679  17.97454039    -0.025806     0.000162     0.000000
   3508.91   0.00023839   1.20473316     0.000000     0.000005    -0.004604
   3637.62   0.00052202   2.63808709     0.006692    -0.000013     0.000000
   3637.73   0.00052427   2.64944222    -0.000013    -0.006706     0.000005


$end

