
$orca_hessian_file

$act_atom
  0

$act_coord
  0

$act_energy
      -56.552290

$multiplicity
  1

$hessian
12
                    0                  1                  2                  3                  4        
    0      6.4061374233E-01   4.5076559510E-07   3.1785072807E-08  -5.9918367543E-02  -5.7428534691E-08
    1      4.5076559510E-07   6.4074537593E-01  -3.3606825000E-06   2.1594734446E-07  -3.6725520345E-01
    2      3.1785072807E-08  -3.3606825000E-06   2.0983568863E-01  -1.9545664708E-07   1.1661282547E-01
    3     -5.9918367543E-02   2.1594734446E-07  -1.9545664708E-07   5.8625121688E-02  -6.7551504885E-08
    4     -5.7428534691E-08  -3.6725520345E-01   1.1661282547E-01  -6.7551504885E-08   4.0184045330E-01
    5      1.2925650147E-07   1.7086601003E-01  -6.9946377846E-02   7.4046572805E-08  -1.3680962485E-01
    6     -2.9034765641E-01  -1.3304701601E-01  -1.0097453471E-01   6.4670850808E-04   2.3756264748E-03
    7     -1.3307941074E-01  -1.3674473918E-01  -5.8310555827E-02  -3.3450369080E-02  -1.7292811107E-02
    8     -1.4793936180E-01  -8.5425561540E-02  -6.9944527537E-02   1.3835290944E-02   1.0094230265E-02
    9     -2.9034771838E-01   1.3304680293E-01   1.0097478197E-01   6.4653734706E-04  -2.3752147926E-03
   10      1.3307856377E-01  -1.3674543330E-01  -5.8310401870E-02   3.3449933982E-02  -1.7292438742E-02
   11      1.4793911717E-01  -8.5425594898E-02  -6.9944783242E-02  -1.3835204755E-02   1.0094371934E-02
                    5                  6                  7                  8                  9        
    0      1.2925650147E-07  -2.9034765641E-01  -1.3307941074E-01  -1.4793936180E-01  -2.9034771838E-01
    1      1.7086601003E-01  -1.3304701601E-01  -1.3674473918E-01  -8.5425561540E-02   1.3304680293E-01
    2     -6.9946377846E-02  -1.0097453471E-01  -5.8310555827E-02  -6.9944527537E-02   1.0097478197E-01
    3      7.4046572805E-08   6.4670850808E-04  -3.3450369080E-02   1.3835290944E-02   6.4653734706E-04
    4     -1.3680962485E-01   2.3756264748E-03  -1.7292811107E-02   1.0094230265E-02  -2.3752147926E-03
    5      6.8817300281E-02  -1.8175393529E-03  -1.7023935877E-02   5.6460186717E-04   1.8173712709E-03
    6     -1.8175393529E-03   3.1596436025E-01   1.4860033734E-01   1.1844794054E-01  -2.6263412351E-02
    7     -1.7023935877E-02   1.4860033734E-01   1.4440619187E-01   6.8391720015E-02   1.7925998635E-02
    8      5.6460186717E-04   1.1844794054E-01   6.8391720015E-02   6.8825447658E-02   1.5647230533E-02
    9      1.8173712709E-03  -2.6263412351E-02   1.7925998635E-02   1.5647230533E-02   3.1596459338E-01
   10     -1.7024252114E-02  -1.7925503957E-02   9.6313584151E-03   6.9411223075E-03  -1.4860029028E-01
   11      5.6447569755E-04  -1.5646966685E-02   6.9412606414E-03   5.5447801225E-04  -1.1844816475E-01
                   10                 11        
     0      1.3307856377E-01   1.4793911717E-01
     1     -1.3674543330E-01  -8.5425594898E-02
     2     -5.8310401870E-02  -6.9944783242E-02
     3      3.3449933982E-02  -1.3835204755E-02
     4     -1.7292438742E-02   1.0094371934E-02
     5     -1.7024252114E-02   5.6447569755E-04
     6     -1.7925503957E-02  -1.5646966685E-02
     7      9.6313584151E-03   6.9412606414E-03
     8      6.9411223075E-03   5.5447801225E-04
     9     -1.4860029028E-01  -1.1844816475E-01
    10      1.4440651363E-01   6.8391747000E-02
    11      6.8391747000E-02   6.8825829532E-02

$vibrational_frequencies
12
    0        0.0000000000000000
    1        0.0000000000000000
    2        0.0000000000000000
    3        0.0000000000000000
    4        0.0000000000000000
    5        0.0000000000000000
    6     1034.8226957516419589
    7     1667.8842005813626201
    8     1667.9752370159787915
    9     3469.3475265880747429
   10     3589.0113655618920347
   11     3589.2375576358954277

$normal_modes
12 12
                    0                  1                  2                  3                  4        
    0      0.0000000000E+00   0.0000000000E+00   0.0000000000E+00   0.0000000000E+00   0.0000000000E+00
    1      0.0000000000E+00   0.0000000000E+00   0.0000000000E+00   0.0000000000E+00   0.0000000000E+00
    2      0.0000000000E+00   0.0000000000E+00   0.0000000000E+00   0.0000000000E+00   0.0000000000E+00
    3      0.0000000000E+00   0.0000000000E+00   0.0000000000E+00   0.0000000000E+00   0.0000000000E+00
    4      0.0000000000E+00   0.0000000000E+00   0.0000000000E+00   0.0000000000E+00   0.0000000000E+00
    5      0.0000000000E+00   0.0000000000E+00   0.0000000000E+00   0.0000000000E+00   0.0000000000E+00
    6      0.0000000000E+00   0.0000000000E+00   0.0000000000E+00   0.0000000000E+00   0.0000000000E+00
    7      0.0000000000E+00   0.0000000000E+00   0.0000000000E+00   0.0000000000E+00   0.0000000000E+00
    8      0.0000000000E+00   0.0000000000E+00   0.0000000000E+00   0.0000000000E+00   0.0000000000E+00
    9      0.0000000000E+00   0.0000000000E+00   0.0000000000E+00   0.0000000000E+00   0.0000000000E+00
   10      0.0000000000E+00   0.0000000000E+00   0.0000000000E+00   0.0000000000E+00   0.0000000000E+00
   11      0.0000000000E+00   0.0000000000E+00   0.0000000000E+00   0.0000000000E+00   0.0000000000E+00
                    5                  6                  7                  8                  9        
    0      0.0000000000E+00  -3.9562956843E-08   6.7399053165E-02  -7.4884093367E-04  -4.0515414388E-07
    1      0.0000000000E+00   3.3591029341E-06   7.4871524217E-04   6.7394004082E-02  -1.0561468437E-04
    2      0.0000000000E+00  -1.1577154551E-01  -3.5065510315E-08   3.3466938721E-06  -3.7066423919E-02
    3      0.0000000000E+00   5.5083891373E-07  -7.6291270783E-01   8.4758089893E-03  -1.7818547734E-07
    4      0.0000000000E+00   2.0323076218E-01   1.5397843640E-03   1.3855718075E-01  -5.4982612358E-01
    5      0.0000000000E+00   5.3627509557E-01   2.7735706288E-03   2.4962694709E-01   1.7130163571E-01
    6      0.0000000000E+00  -1.7599663487E-01  -8.2489660224E-02   3.9133980436E-01   4.7745589491E-01
    7      0.0000000000E+00  -1.0163903819E-01   3.8436381970E-01  -5.4186286258E-01   2.7564864343E-01
    8      0.0000000000E+00   5.3623363122E-01  -2.1759993690E-01  -1.2243447483E-01   1.7188490670E-01
    9      0.0000000000E+00   1.7599663379E-01  -9.1163641558E-02  -3.8940984454E-01  -4.7745008677E-01
   10      0.0000000000E+00  -1.0163840152E-01  -3.9630762628E-01  -5.3319016656E-01   2.7564508421E-01
   11      0.0000000000E+00   5.3623337440E-01   2.1482685353E-01  -1.2723897736E-01   1.7188230663E-01
                   10                 11        
     0     -7.9362991123E-02   7.3849972739E-05
     1     -7.3919030731E-05  -7.9367758638E-02
     2      2.3780983560E-07   4.9541823703E-05
     3     -2.3396081633E-02   2.2037180527E-05
     4      7.0979080165E-04   7.5937750342E-01
     5     -2.7491113881E-04  -2.9422290992E-01
     6      5.6341715491E-01   3.3741074841E-01
     7      3.3878834392E-01   1.7143648653E-01
     8      2.5473116852E-01   1.4653033221E-01
     9      5.6279382419E-01  -3.3845899250E-01
    10     -3.3847096819E-01   1.7206715612E-01
    11     -2.5445956195E-01   1.4700415279E-01

#
# The atoms: label  mass x y z (in bohrs)
#
$atoms
4
 N     14.00700     -0.000000000489     0.000004337715     0.126211292338
 H      1.00800      0.000000005741     1.777665074864    -0.584598910221
 H      1.00800     -1.539502028256    -0.888862678524    -0.584606085952
 H      1.00800      1.539502029311    -0.888862672504    -0.584606086938

$actual_temperature
  0.000000

$frequency_scale_factor
  1.000000

$dipole_derivatives
12
   -3.4945476045E-01    6.2799413346E-07   -3.6158021022E-07
    5.2282991043E-07   -3.4949299543E-01   -8.7388275516E-05
   -2.0617927671E-07    1.1297202426E-04   -5.7206847853E-01
    1.5874178708E-01    5.3960235147E-07   -1.7468385294E-06
   -2.4657021216E-10    7.3737716236E-02    9.6147803292E-02
   -4.8198131217E-08    1.4286227297E-01    1.9075251005E-01
    9.5064974190E-02   -3.7001983093E-02   -8.3250390221E-02
   -3.7038585144E-02    1.3783648610E-01   -4.8086649191E-02
   -1.2374475335E-01   -7.1487746842E-02    1.9059273117E-01
    9.5064568785E-02    3.7003001028E-02    8.3248963086E-02
    3.7038063382E-02    1.3783394224E-01   -4.8088972817E-02
    1.2374491373E-01   -7.1486534817E-02    1.9059362311E-01

#
# The IR spectrum
#  wavenumber eps Int TX TY TZ
#
$ir_spectrum
12
      0.00   0.00000000   0.00000000     0.000000     0.000000     0.000000
      0.00   0.00000000   0.00000000     0.000000     0.000000     0.000000
      0.00   0.00000000   0.00000000     0.000000     0.000000     0.000000
      0.00   0.00000000   0.00000000     0.000000     0.000000     0.000000
      0.00   0.00000000   0.00000000     0.000000     0.000000     0.000000
      0.00   0.00000000   0.00000000     0.000000     0.000000     0.000000
   1034.82   0.03038856 153.57134085     0.000000    -0.000017     0.095729
   1667.88   0.00337239  17.04267679    -0.025118    -0.000280     0.000001
   1667.98   0.00338846  17.12387593     0.000279    -0.025177     0.000008
   3469.35   0.00029296   1.48048338     0.000000     0.000005    -0.005133
   3589.01   0.00032710   1.65303116     0.005333     0.000005     0.000000
   3589.24   0.00032809   1.65805220    -0.000005     0.005341     0.000004

#
# The IR spectrum
#  wavenumber eps Int TX TY TZ
#
$ir_spectrum
12
      0.00   0.00000000   0.00000000     0.000000     0.000000     0.000000
      0.00   0.00000000   0.00000000     0.000000     0.000000     0.000000
      0.00   0.00000000   0.00000000     0.000000     0.000000     0.000000
      0.00   0.00000000   0.00000000     0.000000     0.000000     0.000000
      0.00   0.00000000   0.00000000     0.000000     0.000000     0.000000
      0.00   0.00000000   0.00000000     0.000000     0.000000     0.000000
   1034.82   0.03038856 153.57134085     0.000000    -0.000017     0.095729
   1667.88   0.00337239  17.04267679    -0.025118    -0.000280     0.000001
   1667.98   0.00338846  17.12387593     0.000279    -0.025177     0.000008
   3469.35   0.00029296   1.48048338     0.000000     0.000005    -0.005133
   3589.01   0.00032710   1.65303116     0.005333     0.000005     0.000000
   3589.24   0.00032809   1.65805220    -0.000005     0.005341     0.000004


$end

