
$orca_hessian_file

$act_atom
  0

$act_coord
  0

$act_energy
      -49.075955

$multiplicity
  1

$hessian
12
                    0                  1                  2                  3                  4        
    0      7.1757441347E-02  -8.0858400158E-13   6.5163777458E-12  -1.2500865206E-02   8.2131220333E-12
    1     -8.0858400158E-13   7.1929698188E-02  -3.1543451645E-04  -3.7959542148E-12  -3.5240854325E-02
    2      6.5163777458E-12  -3.1543451645E-04   8.8756129674E-02  -9.2775149847E-12   1.3416385508E-02
    3     -1.2500865206E-02  -3.7959542148E-12  -9.2775149847E-12   1.3724791764E-02  -1.7285843709E-12
    4      8.2131220333E-12  -3.5240854325E-02   1.3416385508E-02  -1.7285843709E-12   4.6080375126E-02
    5     -2.7552418120E-12   3.1998948763E-02  -2.9622886183E-02  -7.8621164483E-14  -2.0084393873E-02
    6     -2.9628288074E-02  -9.7612501096E-03  -1.1635645507E-02  -6.1196327724E-04  -4.2822133984E-04
    7     -9.0680211598E-03  -1.8344421925E-02  -6.3872849809E-03  -8.2520123193E-03  -5.4197604044E-03
    8     -2.7697652186E-02  -1.6004947628E-02  -2.9566621742E-02   4.7912039758E-03   3.1699485712E-03
    9     -2.9628288067E-02   9.7612501157E-03   1.1635645509E-02  -6.1196328104E-04   4.2822133478E-04
   10      9.0680211509E-03  -1.8344421938E-02  -6.3872849872E-03   8.2520123234E-03  -5.4197603967E-03
   11      2.7697652183E-02  -1.6004947642E-02  -2.9566621749E-02  -4.7912039668E-03   3.1699485800E-03
                    5                  6                  7                  8                  9        
    0     -2.7552418120E-12  -2.9628288074E-02  -9.0680211598E-03  -2.7697652186E-02  -2.9628288067E-02
    1      3.1998948763E-02  -9.7612501096E-03  -1.8344421925E-02  -1.6004947628E-02   9.7612501157E-03
    2     -2.9622886183E-02  -1.1635645507E-02  -6.3872849809E-03  -2.9566621742E-02   1.1635645509E-02
    3     -7.8621164483E-14  -6.1196327724E-04  -8.2520123193E-03   4.7912039758E-03  -6.1196328104E-04
    4     -2.0084393873E-02  -4.2822133984E-04  -5.4197604044E-03   3.1699485712E-03   4.2822133478E-04
    5      2.3744990457E-02  -2.8578514251E-04  -5.7932218363E-03   2.9389478655E-03   2.8578514570E-04
    6     -2.8578514251E-04   3.8238176716E-02   1.3754752461E-02   1.7413939427E-02  -7.9979253644E-03
    7     -5.7932218363E-03   1.3754752461E-02   2.1582288171E-02   9.7096645190E-03   3.6895579852E-03
    8      2.9389478655E-03   1.7413939427E-02   9.7096645190E-03   2.3695425128E-02   5.1649118781E-03
    9      2.8578514570E-04  -7.9979253644E-03   3.6895579852E-03   5.1649118781E-03   3.8238176712E-02
   10     -5.7932218403E-03  -3.6895579782E-03   2.1818941584E-03   2.7980884195E-03  -1.3754752466E-02
   11      2.9389478602E-03  -5.1649118733E-03   2.7980884165E-03   2.9322487489E-03  -1.7413939438E-02
                   10                 11        
     0      9.0680211509E-03   2.7697652183E-02
     1     -1.8344421938E-02  -1.6004947642E-02
     2     -6.3872849872E-03  -2.9566621749E-02
     3      8.2520123234E-03  -4.7912039668E-03
     4     -5.4197603967E-03   3.1699485800E-03
     5     -5.7932218403E-03   2.9389478602E-03
     6     -3.6895579782E-03  -5.1649118733E-03
     7      2.1818941584E-03   2.7980884165E-03
     8      2.7980884195E-03   2.9322487489E-03
     9     -1.3754752466E-02  -1.7413939438E-02
    10      2.1582288176E-02   9.7096645268E-03
    11      9.7096645268E-03   2.3695425140E-02

$vibrational_frequencies
12
    0        0.0000000000000000
    1        0.0000000000000000
    2        0.0000000000000000
    3        0.0000000000000000
    4        0.0000000000000000
    5        0.0000000000000000
    6      841.6542894079470898
    7      854.4559375683298867
    8      855.6346316435450490
    9     1267.7119328752080492
   10     1268.2600361025470193
   11     1273.7238070276723647

$normal_modes
12 12
                    0                  1                  2                  3                  4        
    0      0.0000000000E+00   0.0000000000E+00   0.0000000000E+00   0.0000000000E+00   0.0000000000E+00
    1      0.0000000000E+00   0.0000000000E+00   0.0000000000E+00   0.0000000000E+00   0.0000000000E+00
    2      0.0000000000E+00   0.0000000000E+00   0.0000000000E+00   0.0000000000E+00   0.0000000000E+00
    3      0.0000000000E+00   0.0000000000E+00   0.0000000000E+00   0.0000000000E+00   0.0000000000E+00
    4      0.0000000000E+00   0.0000000000E+00   0.0000000000E+00   0.0000000000E+00   0.0000000000E+00
    5      0.0000000000E+00   0.0000000000E+00   0.0000000000E+00   0.0000000000E+00   0.0000000000E+00
    6      0.0000000000E+00   0.0000000000E+00   0.0000000000E+00   0.0000000000E+00   0.0000000000E+00
    7      0.0000000000E+00   0.0000000000E+00   0.0000000000E+00   0.0000000000E+00   0.0000000000E+00
    8      0.0000000000E+00   0.0000000000E+00   0.0000000000E+00   0.0000000000E+00   0.0000000000E+00
    9      0.0000000000E+00   0.0000000000E+00   0.0000000000E+00   0.0000000000E+00   0.0000000000E+00
   10      0.0000000000E+00   0.0000000000E+00   0.0000000000E+00   0.0000000000E+00   0.0000000000E+00
   11      0.0000000000E+00   0.0000000000E+00   0.0000000000E+00   0.0000000000E+00   0.0000000000E+00
                    5                  6                  7                  8                  9        
    0      0.0000000000E+00  -1.3535099647E-10   1.3479347709E-09   5.1126804840E-02  -6.4388488062E-10
    1      0.0000000000E+00   2.1227760196E-03  -5.1809450212E-02   1.3628910686E-09   3.0194020235E-03
    2      0.0000000000E+00   1.0363260354E-01   3.1929839937E-03   1.6970904686E-10  -5.8999762495E-02
    3      0.0000000000E+00   1.9982082854E-09  -1.8802565910E-08  -7.1352820045E-01  -1.2521424297E-12
    4      0.0000000000E+00  -3.0656065390E-01  -2.4808668438E-01   5.7318406099E-09  -5.3067803431E-01
    5      0.0000000000E+00  -4.6729958490E-01  -3.3203450169E-01   7.5586387156E-09   2.9254728875E-01
    6      0.0000000000E+00   2.8756977461E-01  -3.9724208074E-01   1.5393320502E-03   4.3061480638E-01
    7      0.0000000000E+00   1.3853145488E-01   4.8401109568E-01   4.1260937599E-01   2.4436046610E-01
    8      0.0000000000E+00  -4.8638090016E-01   1.4383265697E-01  -2.7181409887E-01   2.6365179221E-01
    9      0.0000000000E+00  -2.8756977473E-01   3.9724208081E-01   1.5393094757E-03  -4.3061479744E-01
   10      0.0000000000E+00   1.3853145725E-01   4.8401107394E-01  -4.1260940067E-01   2.4436046093E-01
   11      0.0000000000E+00  -4.8638090160E-01   1.4383267130E-01   2.7181408895E-01   2.6365178538E-01
                   10                 11        
     0     -7.2308754048E-02   1.7950617997E-09
     1     -1.8140147896E-09  -7.1693739332E-02
     2      4.8771260422E-10  -2.1080402497E-03
     3     -1.3126416609E-02   3.9744805303E-10
     4      2.1293066604E-08   6.6454017420E-01
     5     -1.3394349414E-08  -4.3006251274E-01
     6      5.0895840989E-01   3.2231243320E-01
     7      3.0175517818E-01   1.6585203175E-01
     8      3.8367268351E-01   2.2967773483E-01
     9      5.0895840151E-01  -3.2231245854E-01
    10     -3.0175517426E-01   1.6585204685E-01
    11     -3.8367267689E-01   2.2967775388E-01

#
# The atoms: label  mass x y z (in bohrs)
#
$atoms
4
 N     14.00700     -0.000000000000     0.000246340158     0.286248968225
 H      1.00800      0.000000000000     2.434784709168    -1.327965593437
 H      1.00800     -2.109580844378    -1.219103905474    -1.324851180426
 H      1.00800      2.109580844378    -1.219103905474    -1.324851180426

$actual_temperature
  0.000000

$frequency_scale_factor
  1.000000

$dipole_derivatives
12
    2.7564567243E-01    1.0472313338E-09    5.2340354273E-10
    2.5046045966E-12    2.7564727301E-01   -1.6044438844E-04
   -1.1207649934E-11   -3.2516680695E-04    9.2858578874E-02
    3.4503754444E-02    1.1901602317E-09    9.9267261078E-10
    2.5782883315E-12   -2.2194492282E-01    1.3456058846E-01
   -2.7766431190E-12    1.4924074773E-01   -3.1032293908E-02
   -1.5715677612E-01   -1.1283049717E-01   -1.1616765256E-01
   -1.2883652329E-01   -3.2596229583E-02   -5.8157358788E-02
   -1.2900623476E-01   -7.4540790863E-02   -3.0669018271E-02
   -1.5715677836E-01    1.1283049682E-01    1.1616765263E-01
    1.2883652384E-01   -3.2596228707E-02   -5.8157358716E-02
    1.2900623703E-01   -7.4540790669E-02   -3.0669018530E-02

#
# The IR spectrum
#  wavenumber eps Int TX TY TZ
#
$ir_spectrum
12
      0.00   0.00000000   0.00000000     0.000000     0.000000     0.000000
      0.00   0.00000000   0.00000000     0.000000     0.000000     0.000000
      0.00   0.00000000   0.00000000     0.000000     0.000000     0.000000
      0.00   0.00000000   0.00000000     0.000000     0.000000     0.000000
      0.00   0.00000000   0.00000000     0.000000     0.000000     0.000000
      0.00   0.00000000   0.00000000     0.000000     0.000000     0.000000
    841.65   0.00082990   4.19395441    -0.000000    -0.000640    -0.017530
    854.46   0.00014726   0.74416742    -0.000000     0.007244     0.001143
    855.63   0.00041241   2.08413382    -0.012264    -0.000000    -0.000000
   1267.71   0.00975697  49.30774701    -0.000000     0.002099    -0.048963
   1268.26   0.02286341 115.54230042    -0.075005    -0.000000     0.000000
   1273.72   0.02189336 110.64007878     0.000000    -0.073229    -0.001191

#
# The IR spectrum
#  wavenumber eps Int TX TY TZ
#
$ir_spectrum
12
      0.00   0.00000000   0.00000000     0.000000     0.000000     0.000000
      0.00   0.00000000   0.00000000     0.000000     0.000000     0.000000
      0.00   0.00000000   0.00000000     0.000000     0.000000     0.000000
      0.00   0.00000000   0.00000000     0.000000     0.000000     0.000000
      0.00   0.00000000   0.00000000     0.000000     0.000000     0.000000
      0.00   0.00000000   0.00000000     0.000000     0.000000     0.000000
    841.65   0.00082990   4.19395441    -0.000000    -0.000640    -0.017530
    854.46   0.00014726   0.74416742    -0.000000     0.007244     0.001143
    855.63   0.00041241   2.08413382    -0.012264    -0.000000    -0.000000
   1267.71   0.00975697  49.30774701    -0.000000     0.002099    -0.048963
   1268.26   0.02286341 115.54230042    -0.075005    -0.000000     0.000000
   1273.72   0.02189336 110.64007878     0.000000    -0.073229    -0.001191


$end

