
$orca_hessian_file

$act_atom
  0

$act_coord
  0

$act_energy
      -76.108893

$multiplicity
  1

$hessian
9
                    0                  1                  2                  3                  4        
    0      3.2045892821E-04   6.2986320559E-07  -2.5548871592E-07  -1.6029535441E-04  -5.2758971624E-07
    1      6.2986320559E-07  -3.2699974415E-01  -1.9665870000E-06  -8.7885003696E-08   1.6349887901E-01
    2     -2.5548871592E-07  -1.9665870000E-06   1.7323865068E-01  -2.6072541667E-08   8.1219260359E-02
    3     -1.6029535441E-04  -8.7885003696E-08  -2.6072541667E-08   1.7139546346E-04   3.8647960376E-08
    4     -5.2758971624E-07   1.6349887901E-01   8.1219260359E-02   3.8647960376E-08  -3.1066037090E-02
    5     -2.8738471449E-07  -1.0929817891E-01  -8.6619779359E-02   1.4505143267E-07   1.4039624304E-02
    6     -1.6016357380E-04  -1.5442559467E-07   2.4787004013E-07  -1.1100109051E-05   4.5674623979E-07
    7     -4.8982609658E-07   1.6350086514E-01  -8.1217808445E-02   8.1432559394E-08  -1.3243284192E-01
    8      5.7656464787E-07   1.0930066017E-01  -8.6618871326E-02  -1.8001201238E-07  -9.5427491633E-02
                    5                  6                  7                  8        
     0     -2.8738471449E-07  -1.6016357380E-04  -4.8982609658E-07   5.7656464787E-07
     1     -1.0929817891E-01  -1.5442559467E-07   1.6350086514E-01   1.0930066017E-01
     2     -8.6619779359E-02   2.4787004013E-07  -8.1217808445E-02  -8.6618871326E-02
     3      1.4505143267E-07  -1.1100109051E-05   8.1432559394E-08  -1.8001201238E-07
     4      1.4039624304E-02   4.5674623979E-07  -1.3243284192E-01  -9.5427491633E-02
     5      6.6987231120E-03   2.0336640320E-07   9.5427161576E-02   7.9921056247E-02
     6      2.0336640320E-07   1.7126368285E-04   5.3036446033E-08  -4.2389453941E-07
     7      9.5427161576E-02   5.3036446033E-08  -3.1068023220E-02  -1.4041260834E-02
     8      7.9921056247E-02  -4.2389453941E-07  -1.4041260834E-02   6.6978150790E-03

$vibrational_frequencies
9
    0        0.0000000000000000
    1        0.0000000000000000
    2        0.0000000000000000
    3        0.0000000000000000
    4        0.0000000000000000
    5        0.0000000000000000
    6    -2597.3515646171968001
    7      585.6963772955745071
    8     2207.0132978261317476

$normal_modes
9 9
                    0                  1                  2                  3                  4        
    0      0.0000000000E+00   0.0000000000E+00   0.0000000000E+00   0.0000000000E+00   0.0000000000E+00
    1      0.0000000000E+00   0.0000000000E+00   0.0000000000E+00   0.0000000000E+00   0.0000000000E+00
    2      0.0000000000E+00   0.0000000000E+00   0.0000000000E+00   0.0000000000E+00   0.0000000000E+00
    3      0.0000000000E+00   0.0000000000E+00   0.0000000000E+00   0.0000000000E+00   0.0000000000E+00
    4      0.0000000000E+00   0.0000000000E+00   0.0000000000E+00   0.0000000000E+00   0.0000000000E+00
    5      0.0000000000E+00   0.0000000000E+00   0.0000000000E+00   0.0000000000E+00   0.0000000000E+00
    6      0.0000000000E+00   0.0000000000E+00   0.0000000000E+00   0.0000000000E+00   0.0000000000E+00
    7      0.0000000000E+00   0.0000000000E+00   0.0000000000E+00   0.0000000000E+00   0.0000000000E+00
    8      0.0000000000E+00   0.0000000000E+00   0.0000000000E+00   0.0000000000E+00   0.0000000000E+00
                    5                  6                  7                  8        
     0      0.0000000000E+00   0.0000000000E+00   0.0000000000E+00   0.0000000000E+00
     1      0.0000000000E+00  -7.4021764658E-02   2.9843846953E-08   2.6804748639E-07
     2      0.0000000000E+00  -2.3394209402E-07   6.1705247817E-02  -6.0277206557E-02
     3      0.0000000000E+00   0.0000000000E+00   0.0000000000E+00   0.0000000000E+00
     4      0.0000000000E+00   5.8743553790E-01  -5.0822895274E-01  -5.1899580539E-01
     5      0.0000000000E+00  -3.9009742409E-01  -4.8969391333E-01   4.7836233617E-01
     6      0.0000000000E+00   0.0000000000E+00   0.0000000000E+00   0.0000000000E+00
     7      0.0000000000E+00   5.8743967318E-01   5.0822847906E-01   5.1899155093E-01
     8      0.0000000000E+00   3.9010113722E-01  -4.8969324920E-01   4.7835892148E-01

#
# The atoms: label  mass x y z (in bohrs)
#
$atoms
3
 O     15.99900      0.000000000000     0.000000156613     0.128091049618
 H      1.00800      0.000000000000     1.723648895599    -1.016531783533
 H      1.00800      0.000000000000    -1.723651381366    -1.016532405792

$actual_temperature
  0.000000

$frequency_scale_factor
  1.000000

$dipole_derivatives
9
   -6.4306050536E-01   -2.5958169923E-08    1.8117773948E-08
   -2.1601787395E-08   -4.6071131965E-01   -1.3346900252E-07
    5.2581264573E-08    1.6978788001E-06   -3.3457825342E-01
    3.2153814883E-01   -4.6210990438E-09    9.9082519966E-09
    3.6708716149E-08    2.3034643502E-01    8.5980294291E-02
   -6.8078278743E-08    6.0299717764E-02    1.6706451346E-01
    3.2153715066E-01    4.1311308131E-07   -4.1388550365E-07
    1.8660976801E-08    2.3034625325E-01   -8.5980143398E-02
   -2.0062145917E-07   -6.0298447763E-02    1.6706458439E-01

#
# The IR spectrum
#  wavenumber eps Int TX TY TZ
#
$ir_spectrum
9
      0.00   0.00000000   0.00000000     0.000000     0.000000     0.000000
      0.00   0.00000000   0.00000000     0.000000     0.000000     0.000000
      0.00   0.00000000   0.00000000     0.000000     0.000000     0.000000
      0.00   0.00000000   0.00000000     0.000000     0.000000     0.000000
      0.00   0.00000000   0.00000000     0.000000     0.000000     0.000000
      0.00   0.00000000   0.00000000     0.000000     0.000000     0.000000
  -2597.35   0.00000000   0.00000000     0.000000     0.000000     0.000000
    585.70   0.01336673  67.54997290     0.000000    -0.000000    -0.084391
   2207.01   0.00149548   7.55751990    -0.000000    -0.000000     0.014541


$end

