
$orca_hessian_file

$act_atom
  0

$act_coord
  0

$act_energy
      -75.654340

$multiplicity
  1

$hessian
9
                    0                  1                  2                  3                  4        
    0      8.1856857681E-04   4.3070762151E-09  -4.6168600154E-09  -4.0928154172E-04  -5.8822861860E-09
    1      4.3070762151E-09  -2.5103570693E-01  -1.1418499993E-08   3.4673050845E-09   1.2551784640E-01
    2     -4.6168600154E-09  -1.1418499993E-08   1.6407260863E-01   3.1095984458E-09   7.8627201973E-02
    3     -4.0928154172E-04   3.4673050845E-09   3.1095984458E-09   3.5812868045E-04  -4.4616899821E-09
    4     -5.8822861860E-09   1.2551784640E-01   7.8627201973E-02  -4.4616899821E-09  -1.3819150540E-02
    5      6.7615612613E-09  -8.4322235489E-02  -8.2036301886E-02  -5.7275148474E-09   2.8475163670E-03
    6     -4.0928703509E-04  -1.1330780946E-09  -1.1672832154E-09   5.1152861269E-05   3.4279615531E-09
    7     -5.0660932341E-09   1.2551786053E-01  -7.8627200799E-02   7.9103995125E-09  -1.1169869586E-01
    8      5.2984353906E-10   8.4322257152E-02  -8.2036306745E-02   9.4079277173E-10  -8.2527583036E-02
                    5                  6                  7                  8        
     0      6.7615612613E-09  -4.0928703509E-04  -5.0660932341E-09   5.2984353906E-10
     1     -8.4322235489E-02  -1.1330780946E-09   1.2551786053E-01   8.4322257152E-02
     2     -8.2036301886E-02  -1.1672832154E-09  -7.8627200799E-02  -8.2036306745E-02
     3     -5.7275148474E-09   5.1152861269E-05   7.9103995125E-09   9.4079277173E-10
     4      2.8475163670E-03   3.4279615531E-09  -1.1169869586E-01  -8.2527583036E-02
     5      1.1962140181E-02   6.4307721592E-10   8.2527583818E-02   7.0074161705E-02
     6      6.4307721592E-10   3.5813417382E-04  -2.5695948685E-09  -4.7321515566E-10
     7      8.2527583818E-02  -2.5695948685E-09  -1.3819164670E-02  -2.8475285675E-03
     8      7.0074161705E-02  -4.7321515566E-10  -2.8475285675E-03   1.1962145040E-02

$vibrational_frequencies
9
    0        0.0000000000000000
    1        0.0000000000000000
    2        0.0000000000000000
    3        0.0000000000000000
    4        0.0000000000000000
    5        0.0000000000000000
    6    -2285.7160706028480490
    7      528.5064826510222247
    8     2169.7839551973479502

$normal_modes
9 9
                    0                  1                  2                  3                  4        
    0      0.0000000000E+00   0.0000000000E+00   0.0000000000E+00   0.0000000000E+00   0.0000000000E+00
    1      0.0000000000E+00   0.0000000000E+00   0.0000000000E+00   0.0000000000E+00   0.0000000000E+00
    2      0.0000000000E+00   0.0000000000E+00   0.0000000000E+00   0.0000000000E+00   0.0000000000E+00
    3      0.0000000000E+00   0.0000000000E+00   0.0000000000E+00   0.0000000000E+00   0.0000000000E+00
    4      0.0000000000E+00   0.0000000000E+00   0.0000000000E+00   0.0000000000E+00   0.0000000000E+00
    5      0.0000000000E+00   0.0000000000E+00   0.0000000000E+00   0.0000000000E+00   0.0000000000E+00
    6      0.0000000000E+00   0.0000000000E+00   0.0000000000E+00   0.0000000000E+00   0.0000000000E+00
    7      0.0000000000E+00   0.0000000000E+00   0.0000000000E+00   0.0000000000E+00   0.0000000000E+00
    8      0.0000000000E+00   0.0000000000E+00   0.0000000000E+00   0.0000000000E+00   0.0000000000E+00
                    5                  6                  7                  8        
     0      0.0000000000E+00   0.0000000000E+00   0.0000000000E+00   0.0000000000E+00
     1      0.0000000000E+00  -7.3591609701E-02   1.3611596384E-09   1.8897356419E-09
     2      0.0000000000E+00  -4.0649837085E-10   6.2036458238E-02  -5.9938341279E-02
     3      0.0000000000E+00   0.0000000000E+00   0.0000000000E+00   0.0000000000E+00
     4      0.0000000000E+00   5.8402386738E-01  -5.0566266240E-01  -5.2147909071E-01
     5      0.0000000000E+00  -3.9523186873E-01  -4.9232206380E-01   4.7567140010E-01
     6      0.0000000000E+00   0.0000000000E+00   0.0000000000E+00   0.0000000000E+00
     7      0.0000000000E+00   5.8402391397E-01   5.0566264080E-01   5.2147906072E-01
     8      0.0000000000E+00   3.9523187518E-01  -4.9232207841E-01   4.7567137979E-01

#
# The atoms: label  mass x y z (in bohrs)
#
$atoms
3
 O     15.99900      0.000000000000     0.000000000002     0.131597619002
 H      1.00800      0.000000000000     1.737682487002    -1.044360271035
 H      1.00800      0.000000000000    -1.737682487035    -1.044360271039

$actual_temperature
  0.000000

$frequency_scale_factor
  1.000000

$dipole_derivatives
9
   -6.4093504925E-01   -6.2371504446E-10   -1.9548362928E-09
    1.1573333896E-09   -4.7149067255E-01    3.0810021201E-09
    4.1474815162E-10    6.7049735989E-10   -3.2969732200E-01
    3.2039199073E-01   -3.4583435291E-10    1.6557977212E-09
    9.1390679527E-10    2.3576791474E-01    8.2916484616E-02
    8.7494123838E-10    5.6341450572E-02    1.6497561794E-01
    3.2039199086E-01   -1.1494967738E-09   -3.0154545527E-09
   -1.9064179454E-09    2.3576791264E-01   -8.2916484842E-02
   -1.7120234873E-09   -5.6341452139E-02    1.6497562360E-01

#
# The IR spectrum
#  wavenumber eps Int TX TY TZ
#
$ir_spectrum
9
      0.00   0.00000000   0.00000000     0.000000     0.000000     0.000000
      0.00   0.00000000   0.00000000     0.000000     0.000000     0.000000
      0.00   0.00000000   0.00000000     0.000000     0.000000     0.000000
      0.00   0.00000000   0.00000000     0.000000     0.000000     0.000000
      0.00   0.00000000   0.00000000     0.000000     0.000000     0.000000
      0.00   0.00000000   0.00000000     0.000000     0.000000     0.000000
  -2285.72   0.00000000   0.00000000     0.000000     0.000000     0.000000
    528.51   0.01288046  65.09256583    -0.000000    -0.000000    -0.087209
   2169.78   0.00147911   7.47482809    -0.000000    -0.000000     0.014585


$end

