
$orca_hessian_file

$act_atom
  0

$act_coord
  0

$act_energy
      -75.905065

$multiplicity
  1

$hessian
9
                    0                  1                  2                  3                  4        
    0     -1.0871848478E-04  -5.9969172824E-09   3.7942533469E-10   5.4358789248E-05   8.0074634288E-09
    1     -5.9969172824E-09   6.5193530212E-01   1.4790000002E-08  -3.8199501929E-09  -3.2596763908E-01
    2      3.7942533469E-10   1.4790000002E-08   4.2334045663E-01  -3.1641957229E-09   1.9431142892E-01
    3      5.4358789248E-05  -3.8199501929E-09  -3.1641957229E-09  -2.8592818866E-05  -2.6405580765E-09
    4      8.0074634288E-09  -3.2596763908E-01   1.9431142892E-01  -2.6405580765E-09   3.5436417357E-01
    5     -4.6973623243E-09   2.5116684746E-01  -2.1167022535E-01   4.0085303773E-09  -2.2273914118E-01
    6      5.4359695535E-05   7.5186305861E-09   6.5098931275E-09  -2.5765970382E-05  -1.7467443312E-09
    7      2.8769074280E-10  -3.2596766304E-01  -1.9431144840E-01   2.8403472483E-09  -2.8396534486E-02
    8      5.9281425033E-10  -2.5116685756E-01  -2.1167023128E-01   3.7036622898E-09   2.8430038687E-02
                    5                  6                  7                  8        
     0     -4.6973623243E-09   5.4359695535E-05   2.8769074280E-10   5.9281425033E-10
     1      2.5116684746E-01   7.5186305861E-09  -3.2596766304E-01  -2.5116685756E-01
     2     -2.1167022535E-01   6.5098931275E-09  -1.9431144840E-01  -2.1167023128E-01
     3      4.0085303773E-09  -2.5765970382E-05   2.8403472483E-09   3.7036622898E-09
     4     -2.2273914118E-01  -1.7467443312E-09  -2.8396534486E-02   2.8430038687E-02
     5      2.0261670059E-01  -3.8591649972E-09  -2.8430032715E-02   9.0535247646E-03
     6     -3.8591649972E-09  -2.8593725153E-05  -4.4499621230E-09  -3.4736023352E-09
     7     -2.8430032715E-02  -4.4499621230E-09   3.5436419753E-01   2.2273914999E-01
     8      9.0535247646E-03  -3.4736023352E-09   2.2273914999E-01   2.0261670652E-01

$vibrational_frequencies
9
    0        0.0000000000000000
    1        0.0000000000000000
    2        0.0000000000000000
    3        0.0000000000000000
    4        0.0000000000000000
    5        0.0000000000000000
    6     1553.6716815425111236
    7     3723.9307114292846563
    8     3833.4280805834200692

$normal_modes
9 9
                    0                  1                  2                  3                  4        
    0      0.0000000000E+00   0.0000000000E+00   0.0000000000E+00   0.0000000000E+00   0.0000000000E+00
    1      0.0000000000E+00   0.0000000000E+00   0.0000000000E+00   0.0000000000E+00   0.0000000000E+00
    2      0.0000000000E+00   0.0000000000E+00   0.0000000000E+00   0.0000000000E+00   0.0000000000E+00
    3      0.0000000000E+00   0.0000000000E+00   0.0000000000E+00   0.0000000000E+00   0.0000000000E+00
    4      0.0000000000E+00   0.0000000000E+00   0.0000000000E+00   0.0000000000E+00   0.0000000000E+00
    5      0.0000000000E+00   0.0000000000E+00   0.0000000000E+00   0.0000000000E+00   0.0000000000E+00
    6      0.0000000000E+00   0.0000000000E+00   0.0000000000E+00   0.0000000000E+00   0.0000000000E+00
    7      0.0000000000E+00   0.0000000000E+00   0.0000000000E+00   0.0000000000E+00   0.0000000000E+00
    8      0.0000000000E+00   0.0000000000E+00   0.0000000000E+00   0.0000000000E+00   0.0000000000E+00
                    5                  6                  7                  8        
     0      0.0000000000E+00   0.0000000000E+00   0.0000000000E+00   0.0000000000E+00
     1      0.0000000000E+00   8.8293676706E-11   3.0751099759E-08  -7.0395924734E-02
     2      0.0000000000E+00  -7.1008534731E-02  -4.9456377782E-02  -2.2467301816E-08
     3      0.0000000000E+00   0.0000000000E+00   0.0000000000E+00   0.0000000000E+00
     4      0.0000000000E+00   4.2416853320E-01  -5.8713860672E-01   5.5866263154E-01
     5      0.0000000000E+00   5.6352457745E-01   3.9248659092E-01  -4.3060169664E-01
     6      0.0000000000E+00   0.0000000000E+00   0.0000000000E+00   0.0000000000E+00
     7      0.0000000000E+00  -4.2416853460E-01   5.8713811864E-01   5.5866316193E-01
     8      0.0000000000E+00   5.6352457648E-01   3.9248621476E-01   4.3060205324E-01

#
# The atoms: label  mass x y z (in bohrs)
#
$atoms
3
 O     15.99900      0.000000000000    -0.000000000013     0.125219481243
 H      1.00800      0.000000000000     1.451742367347    -0.993743293885
 H      1.00800      0.000000000000    -1.451742367146    -0.993743293827

$actual_temperature
  0.000000

$frequency_scale_factor
  1.000000

$dipole_derivatives
9
   -6.9455481554E-01   -2.9360652364E-10   -6.4996896754E-10
    4.1948031098E-11   -5.0821355481E-01   -5.1262327716E-09
    2.0077283568E-10   -6.6572311899E-10   -3.5040733100E-01
    3.4717413664E-01    2.2075920519E-09   -1.2868595078E-10
    3.1570425947E-10    2.5430723102E-01    6.5585837765E-02
   -8.2837674395E-10    7.0803722292E-02    1.7520537914E-01
    3.4717413372E-01    5.0227087084E-09    2.3032464824E-09
   -1.5547403663E-10    2.5430723217E-01   -6.5585829680E-02
   -1.3303301280E-10   -7.0803729164E-02    1.7520538293E-01

#
# The IR spectrum
#  wavenumber eps Int TX TY TZ
#
$ir_spectrum
9
      0.00   0.00000000   0.00000000     0.000000     0.000000     0.000000
      0.00   0.00000000   0.00000000     0.000000     0.000000     0.000000
      0.00   0.00000000   0.00000000     0.000000     0.000000     0.000000
      0.00   0.00000000   0.00000000     0.000000     0.000000     0.000000
      0.00   0.00000000   0.00000000     0.000000     0.000000     0.000000
      0.00   0.00000000   0.00000000     0.000000     0.000000     0.000000
   1553.67   0.01375728  69.52365716    -0.000000    -0.000000     0.052566
   3723.93   0.00111902   5.65508955    -0.000000    -0.000000     0.009684
   3833.43   0.01195140  60.39747880     0.000000     0.031192     0.000000


$end

