
$orca_hessian_file

$act_atom
  0

$act_coord
  0

$act_energy
      -76.380994

$multiplicity
  1

$hessian
9
                    0                  1                  2                  3                  4        
    0      1.0732259032E-04   1.6904085831E-07   6.9720554566E-08  -5.3634320506E-05  -1.5134043157E-07
    1      1.6904085831E-07   6.9995537378E-01   1.0553500000E-07  -2.6926827487E-08  -3.4997786596E-01
    2      6.9720554566E-08   1.0553500000E-07   4.6331476307E-01  -6.9826971021E-08   2.0884761660E-01
    3     -5.3634320506E-05  -2.6926827487E-08  -6.9826971021E-08   2.4420335443E-05   6.7197204339E-08
    4     -1.5134043157E-07  -3.4997786596E-01   2.0884761660E-01   6.7197204339E-08   3.8115904590E-01
    5      5.1639574735E-08   2.6991098984E-01  -2.3165746757E-01  -5.3203570401E-08  -2.3937933794E-01
    6     -5.3688269809E-05  -6.6411728019E-08   2.1976966104E-08   2.9213985063E-05   3.2127621181E-08
    7     -9.3402729542E-08  -3.4997750782E-01  -2.0884775764E-01   1.1745229199E-08  -3.1181179942E-02
    8     -1.4323067895E-07  -2.6991105987E-01  -2.3165729550E-01   9.0024127123E-08   3.0498287689E-02
                    5                  6                  7                  8        
     0      5.1639574735E-08  -5.3688269809E-05  -9.3402729542E-08  -1.4323067895E-07
     1      2.6991098984E-01  -6.6411728019E-08  -3.4997750782E-01  -2.6991105987E-01
     2     -2.3165746757E-01   2.1976966104E-08  -2.0884775764E-01  -2.3165729550E-01
     3     -5.3203570401E-08   2.9213985063E-05   1.1745229199E-08   9.0024127123E-08
     4     -2.3937933794E-01   3.2127621181E-08  -3.1181179942E-02   3.0498287689E-02
     5      2.1989446559E-01   3.4570409966E-08  -3.0498218253E-02   1.1763001984E-02
     6      3.4570409966E-08   2.4474284746E-05   5.7970803591E-08  -1.6704121215E-09
     7     -3.0498218253E-02   5.7970803591E-08   3.8115868776E-01   2.3937937404E-01
     8      1.1763001984E-02  -1.6704121215E-09   2.3937937404E-01   2.1989429352E-01

$vibrational_frequencies
9
    0        0.0000000000000000
    1        0.0000000000000000
    2        0.0000000000000000
    3        0.0000000000000000
    4        0.0000000000000000
    5        0.0000000000000000
    6     1638.0771260297806293
    7     3868.2828599518270494
    8     3973.1604060381273484

$normal_modes
9 9
                    0                  1                  2                  3                  4        
    0      0.0000000000E+00   0.0000000000E+00   0.0000000000E+00   0.0000000000E+00   0.0000000000E+00
    1      0.0000000000E+00   0.0000000000E+00   0.0000000000E+00   0.0000000000E+00   0.0000000000E+00
    2      0.0000000000E+00   0.0000000000E+00   0.0000000000E+00   0.0000000000E+00   0.0000000000E+00
    3      0.0000000000E+00   0.0000000000E+00   0.0000000000E+00   0.0000000000E+00   0.0000000000E+00
    4      0.0000000000E+00   0.0000000000E+00   0.0000000000E+00   0.0000000000E+00   0.0000000000E+00
    5      0.0000000000E+00   0.0000000000E+00   0.0000000000E+00   0.0000000000E+00   0.0000000000E+00
    6      0.0000000000E+00   0.0000000000E+00   0.0000000000E+00   0.0000000000E+00   0.0000000000E+00
    7      0.0000000000E+00   0.0000000000E+00   0.0000000000E+00   0.0000000000E+00   0.0000000000E+00
    8      0.0000000000E+00   0.0000000000E+00   0.0000000000E+00   0.0000000000E+00   0.0000000000E+00
                    5                  6                  7                  8        
     0      0.0000000000E+00   0.0000000000E+00   0.0000000000E+00   0.0000000000E+00
     1      0.0000000000E+00   1.2792893766E-08  -3.0039636959E-07  -7.0381515875E-02
     2      0.0000000000E+00  -7.0803301616E-02  -4.9729327061E-02   2.0699257821E-07
     3      0.0000000000E+00   0.0000000000E+00   0.0000000000E+00   0.0000000000E+00
     4      0.0000000000E+00   4.2634073179E-01  -5.8567062749E-01   5.5855121384E-01
     5      0.0000000000E+00   5.6189592213E-01   3.9465069283E-01  -4.3075301041E-01
     6      0.0000000000E+00   0.0000000000E+00   0.0000000000E+00   0.0000000000E+00
     7      0.0000000000E+00  -4.2634093484E-01   5.8567539539E-01   5.5854588188E-01
     8      0.0000000000E+00   5.6189576690E-01   3.9465437032E-01   4.3074972502E-01

#
# The atoms: label  mass x y z (in bohrs)
#
$atoms
3
 O     15.99900      0.000000000000    -0.000000000162     0.123678411423
 H      1.00800      0.000000000000     1.433084832008    -0.981513345793
 H      1.00800      0.000000000000    -1.433084829435    -0.981513345039

$actual_temperature
  0.000000

$frequency_scale_factor
  1.000000

$dipole_derivatives
9
   -6.9248423248E-01   -1.5447450496E-08   -1.7263535046E-08
   -1.3600869907E-07   -4.9252921727E-01    3.5308187485E-07
    1.8893123648E-07   -7.2788035602E-07   -3.5145480418E-01
    3.4624670748E-01    5.9761578395E-08    2.0386359267E-09
   -1.0204073713E-07    2.4625133854E-01    6.7395464436E-02
   -1.9516179621E-07    7.7137178133E-02    1.7556594707E-01
    3.4624677724E-01    1.0877025486E-07   -1.8193757612E-07
    7.5212110548E-08    2.4625053022E-01   -6.7395581522E-02
    1.2060982919E-07   -7.7137825950E-02    1.7556567480E-01

#
# The IR spectrum
#  wavenumber eps Int TX TY TZ
#
$ir_spectrum
9
      0.00   0.00000000   0.00000000     0.000000     0.000000     0.000000
      0.00   0.00000000   0.00000000     0.000000     0.000000     0.000000
      0.00   0.00000000   0.00000000     0.000000     0.000000     0.000000
      0.00   0.00000000   0.00000000     0.000000     0.000000     0.000000
      0.00   0.00000000   0.00000000     0.000000     0.000000     0.000000
      0.00   0.00000000   0.00000000     0.000000     0.000000     0.000000
   1638.08   0.01392814  70.38711952    -0.000000    -0.000000     0.051511
   3868.28   0.00109753   5.54646319     0.000000     0.000000     0.009410
   3973.16   0.01055100  53.32042239     0.000000     0.028787    -0.000000


$end

