
$orca_hessian_file

$act_atom
  0

$act_coord
  0

$act_energy
      -76.429752

$multiplicity
  1

$hessian
9
                    0                  1                  2                  3                  4        
    0      6.0706637207E-05   1.4803761004E-07   1.2943032286E-07  -3.0366832375E-05   1.4872401142E-08
    1      1.4803761004E-07   6.7902284934E-01   9.7354999992E-08  -1.8169667024E-07  -3.3951133858E-01
    2      1.2943032286E-07   9.7354999992E-08   4.4918764321E-01  -1.4815528445E-07   2.0184201329E-01
    3     -3.0366832375E-05  -1.8169667024E-07  -1.4815528445E-07   3.9696627490E-06   9.5548624836E-08
    4      1.4872401142E-08  -3.3951133858E-01   2.0184201329E-01   9.5548624836E-08   3.7267926350E-01
    5     -1.8465421162E-08   2.6089889651E-01  -2.2459398747E-01   7.0220641243E-08  -2.3137046960E-01
    6     -3.0339804832E-05  -1.2117429813E-07  -1.2194500423E-07   2.6397169626E-05  -4.6698251950E-08
    7     -8.0766528526E-09  -3.3951151076E-01  -2.0184210002E-01   2.2425271375E-08  -3.3167924920E-02
    8      2.9705064125E-08  -2.6089900449E-01  -2.2459365574E-01  -2.4027422711E-08   2.9560727295E-02
                    5                  6                  7                  8        
     0     -1.8465421162E-08  -3.0339804832E-05  -8.0766528526E-09   2.9705064125E-08
     1      2.6089889651E-01  -1.2117429813E-07  -3.3951151076E-01  -2.6089900449E-01
     2     -2.2459398747E-01  -1.2194500423E-07  -2.0184210002E-01  -2.2459365574E-01
     3      7.0220641243E-08   2.6397169626E-05   2.2425271375E-08  -2.4027422711E-08
     4     -2.3137046960E-01  -4.6698251950E-08  -3.3167924920E-02   2.9560727295E-02
     5      2.1254752820E-01   5.0206845838E-08  -2.9560697889E-02   1.2046459266E-02
     6      5.0206845838E-08   3.9426352060E-06   7.6761965779E-08   3.3030258489E-08
     7     -2.9560697889E-02   7.6761965779E-08   3.7267943568E-01   2.3137053755E-01
     8      1.2046459266E-02   3.3030258489E-08   2.3137053755E-01   2.1254719647E-01

$vibrational_frequencies
9
    0        0.0000000000000000
    1        0.0000000000000000
    2        0.0000000000000000
    3        0.0000000000000000
    4        0.0000000000000000
    5        0.0000000000000000
    6     1634.9722004129012021
    7     3820.3505018497316996
    8     3908.6903134834064986

$normal_modes
9 9
                    0                  1                  2                  3                  4        
    0      0.0000000000E+00   0.0000000000E+00   0.0000000000E+00   0.0000000000E+00   0.0000000000E+00
    1      0.0000000000E+00   0.0000000000E+00   0.0000000000E+00   0.0000000000E+00   0.0000000000E+00
    2      0.0000000000E+00   0.0000000000E+00   0.0000000000E+00   0.0000000000E+00   0.0000000000E+00
    3      0.0000000000E+00   0.0000000000E+00   0.0000000000E+00   0.0000000000E+00   0.0000000000E+00
    4      0.0000000000E+00   0.0000000000E+00   0.0000000000E+00   0.0000000000E+00   0.0000000000E+00
    5      0.0000000000E+00   0.0000000000E+00   0.0000000000E+00   0.0000000000E+00   0.0000000000E+00
    6      0.0000000000E+00   0.0000000000E+00   0.0000000000E+00   0.0000000000E+00   0.0000000000E+00
    7      0.0000000000E+00   0.0000000000E+00   0.0000000000E+00   0.0000000000E+00   0.0000000000E+00
    8      0.0000000000E+00   0.0000000000E+00   0.0000000000E+00   0.0000000000E+00   0.0000000000E+00
                    5                  6                  7                  8        
     0      0.0000000000E+00   0.0000000000E+00   0.0000000000E+00   0.0000000000E+00
     1      0.0000000000E+00  -1.4234918192E-08   9.5171820574E-08  -7.0468502337E-02
     2      0.0000000000E+00  -7.1174359908E-02  -4.9234471131E-02  -5.4529376927E-08
     3      0.0000000000E+00   0.0000000000E+00   0.0000000000E+00   0.0000000000E+00
     4      0.0000000000E+00   4.2240067938E-01  -5.8832182839E-01   5.5923796462E-01
     5      0.0000000000E+00   5.6484048025E-01   3.9072592939E-01  -4.2984718851E-01
     6      0.0000000000E+00   0.0000000000E+00   0.0000000000E+00   0.0000000000E+00
     7      0.0000000000E+00  -4.2240045344E-01   5.8832031782E-01   5.5923978230E-01
     8      0.0000000000E+00   5.6484065484E-01   3.9072476865E-01   4.2984805400E-01

#
# The atoms: label  mass x y z (in bohrs)
#
$atoms
3
 O     15.99900      0.000000000000    -0.000000000111     0.123834028895
 H      1.00800      0.000000000000     1.439681971404    -0.982748327779
 H      1.00800      0.000000000000    -1.439681969643    -0.982748327273

$actual_temperature
  0.000000

$frequency_scale_factor
  1.000000

$dipole_derivatives
9
   -6.9020307018E-01   -3.4344561160E-07   -1.3167755775E-08
   -1.0166055413E-07   -4.7818020306E-01   -6.8199590419E-07
   -9.1527062253E-08   -4.2180554637E-07   -3.4328909276E-01
    3.4509501762E-01    1.3402014318E-08   -6.7261840542E-08
   -2.8910913922E-07    2.2751850203E-01    7.8787100441E-02
    7.4487686590E-08    8.1361956777E-02    1.7144623974E-01
    3.4509506304E-01   -3.2096528045E-09    1.2030954011E-08
    2.0112512116E-07    2.2751969996E-01   -7.8787519666E-02
   -8.8643184035E-08   -8.1362079451E-02    1.7144500405E-01

#
# The IR spectrum
#  wavenumber eps Int TX TY TZ
#
$ir_spectrum
9
      0.00   0.00000000   0.00000000     0.000000     0.000000     0.000000
      0.00   0.00000000   0.00000000     0.000000     0.000000     0.000000
      0.00   0.00000000   0.00000000     0.000000     0.000000     0.000000
      0.00   0.00000000   0.00000000     0.000000     0.000000     0.000000
      0.00   0.00000000   0.00000000     0.000000     0.000000     0.000000
      0.00   0.00000000   0.00000000     0.000000     0.000000     0.000000
   1634.97   0.01442230  72.88440573    -0.000000    -0.000000     0.052467
   3820.35   0.00062512   3.15907608     0.000000     0.000000     0.007146
   3908.69   0.00848704  42.88999924    -0.000000     0.026031    -0.000000


$end

