
$orca_hessian_file

$act_atom
  0

$act_coord
  0

$act_energy
      -56.281997

$multiplicity
  1

$hessian
12
                    0                  1                  2                  3                  4        
    0      4.7045095834E-01   8.9305327959E-09   2.4362409708E-06  -8.1194881990E-02  -1.7499002519E-07
    1      8.9305327959E-09   4.3910415170E-01  -7.9529475386E-04   1.2108779596E-06  -2.0987877600E-01
    2      2.4362409708E-06  -7.9529475386E-04   2.6609115742E-02   2.7371849325E-07   3.9781426387E-04
    3     -8.1194881990E-02   1.2108779596E-06   2.7371849325E-07   3.1983528503E-02   5.2950032796E-08
    4     -1.7499002519E-07  -2.0987877600E-01   3.9781426387E-04   5.2950032796E-08   2.0425006817E-01
    5      8.1099587052E-06   4.4455785080E-04  -9.1195698386E-03  -1.3805389332E-06  -4.5923673071E-04
    6     -1.9462791334E-01  -6.0136088274E-02   1.1499015769E-04   2.4607191786E-02  -3.4719869256E-02
    7     -6.4141927826E-02  -1.1461235111E-01   2.0341185859E-04  -4.4982300112E-03   2.8143679332E-03
    8      1.2888473076E-04   1.7563638712E-04  -8.7448520949E-03   8.8338178592E-06   2.9655912310E-05
    9     -1.9462816301E-01   6.0135535804E-02  -1.2484437547E-04   2.4604161701E-02   3.4720150775E-02
   10      6.4141426547E-02  -1.1461302459E-01   1.9285527658E-04   4.4968067042E-03   2.8143398947E-03
   11     -1.3228667212E-04   1.7631387075E-04  -8.7446938081E-03  -8.7998021582E-06   2.9711245467E-05
                    5                  6                  7                  8                  9        
    0      8.1099587052E-06  -1.9462791334E-01  -6.4141927826E-02   1.2888473076E-04  -1.9462816301E-01
    1      4.4455785080E-04  -6.0136088274E-02  -1.1461235111E-01   1.7563638712E-04   6.0135535804E-02
    2     -9.1195698386E-03   1.1499015769E-04   2.0341185859E-04  -8.7448520949E-03  -1.2484437547E-04
    3     -1.3805389332E-06   2.4607191786E-02  -4.4982300112E-03   8.8338178592E-06   2.4604161701E-02
    4     -4.5923673071E-04  -3.4719869256E-02   2.8143679332E-03   2.9655912310E-05   3.4720150775E-02
    5      3.2702875406E-03   7.5140665958E-05   1.1069980589E-05   2.9247340732E-03  -8.0797280991E-05
    6      7.5140665958E-05   1.8192202455E-01   8.1748237110E-02  -1.6803289982E-04  -1.1901302991E-02
    7      1.1069980589E-05   8.1748237110E-02   7.8223036343E-02  -1.5630396020E-04  -1.3042661503E-02
    8      2.9247340732E-03  -1.6803289982E-04  -1.5630396020E-04   3.0376549782E-03   3.8398115805E-05
    9     -8.0797280991E-05  -1.1901302991E-02  -1.3042661503E-02   3.8398115805E-05   1.8192530430E-01
   10      5.6642083806E-06   1.3042302651E-02   3.3574946834E-02  -4.9508369819E-05  -8.1746780489E-02
   11      2.9245482248E-03  -3.0181688435E-05  -5.7657848388E-05   2.7824630435E-03   1.6925585168E-04
                   10                 11        
     0      6.4141426547E-02  -1.3228667212E-04
     1     -1.1461302459E-01   1.7631387075E-04
     2      1.9285527658E-04  -8.7446938081E-03
     3      4.4968067042E-03  -8.7998021582E-06
     4      2.8143398947E-03   2.9711245467E-05
     5      5.6642083806E-06   2.9245482248E-03
     6      1.3042302651E-02  -3.0181688435E-05
     7      3.3574946834E-02  -5.7657848388E-05
     8     -4.9508369819E-05   2.7824630435E-03
     9     -8.1746780489E-02   1.6925585168E-04
    10      7.8223737861E-02  -1.4868919149E-04
    11     -1.4868919149E-04   3.0376825398E-03

$vibrational_frequencies
12
    0        0.0000000000000000
    1        0.0000000000000000
    2        0.0000000000000000
    3        0.0000000000000000
    4        0.0000000000000000
    5        0.0000000000000000
    6      531.6779833018517820
    7     1067.5067240977818983
    8     1096.2902843084843880
    9     2387.4440849122988766
   10     2492.4178623634325049
   11     2700.4515594769186464

$normal_modes
12 12
                    0                  1                  2                  3                  4        
    0      0.0000000000E+00   0.0000000000E+00   0.0000000000E+00   0.0000000000E+00   0.0000000000E+00
    1      0.0000000000E+00   0.0000000000E+00   0.0000000000E+00   0.0000000000E+00   0.0000000000E+00
    2      0.0000000000E+00   0.0000000000E+00   0.0000000000E+00   0.0000000000E+00   0.0000000000E+00
    3      0.0000000000E+00   0.0000000000E+00   0.0000000000E+00   0.0000000000E+00   0.0000000000E+00
    4      0.0000000000E+00   0.0000000000E+00   0.0000000000E+00   0.0000000000E+00   0.0000000000E+00
    5      0.0000000000E+00   0.0000000000E+00   0.0000000000E+00   0.0000000000E+00   0.0000000000E+00
    6      0.0000000000E+00   0.0000000000E+00   0.0000000000E+00   0.0000000000E+00   0.0000000000E+00
    7      0.0000000000E+00   0.0000000000E+00   0.0000000000E+00   0.0000000000E+00   0.0000000000E+00
    8      0.0000000000E+00   0.0000000000E+00   0.0000000000E+00   0.0000000000E+00   0.0000000000E+00
    9      0.0000000000E+00   0.0000000000E+00   0.0000000000E+00   0.0000000000E+00   0.0000000000E+00
   10      0.0000000000E+00   0.0000000000E+00   0.0000000000E+00   0.0000000000E+00   0.0000000000E+00
   11      0.0000000000E+00   0.0000000000E+00   0.0000000000E+00   0.0000000000E+00   0.0000000000E+00
                    5                  6                  7                  8                  9        
    0      0.0000000000E+00   4.0843728238E-06  -5.6419622175E-02   2.5138310612E-05  -3.9924581159E-07
    1      0.0000000000E+00  -2.2335023765E-04  -2.4592667129E-05  -5.5782234051E-02   1.0490916063E-01
    2      0.0000000000E+00  -1.2368793691E-01  -7.8560506437E-06   7.2513439021E-05  -2.0573636410E-04
    3      0.0000000000E+00  -5.6644117455E-05   7.7360106885E-01  -3.4151035982E-04   6.6033339476E-07
    4      0.0000000000E+00   1.2203187565E-03  -1.2216472444E-04  -2.7935081744E-01  -8.6754903130E-01
    5      0.0000000000E+00   5.7214039595E-01   3.6784859884E-05   6.6906238346E-04   1.6859973816E-03
    6      0.0000000000E+00   1.4332327972E-04   5.0090773831E-03  -4.2595771979E-01  -1.7627992322E-01
    7      0.0000000000E+00   9.7452375217E-04  -4.4603172389E-01   5.2744178570E-01  -2.9512456728E-01
    8      0.0000000000E+00   5.7330322202E-01   8.8340921232E-04  -8.3872436407E-04   5.8643706261E-04
    9      0.0000000000E+00  -1.4343492629E-04   5.3875202327E-03   4.2594991237E-01   1.7628481074E-01
   10      0.0000000000E+00   9.0879516860E-04   4.4649562421E-01   5.2704965908E-01  -2.9512661272E-01
   11      0.0000000000E+00   5.7330333873E-01  -8.1102770181E-04  -8.3797268246E-04   5.8644378194E-04
                   10                 11        
     0     -1.0541916457E-01  -1.2088215549E-06
     1     -7.3223348456E-07   1.2184361847E-02
     2      6.1475043233E-08  -2.3358174912E-05
     3      1.8676513308E-01   6.2633659349E-07
     4     -4.0381840799E-06   4.5506532274E-01
     5     -2.7300737421E-07  -8.5351640722E-04
     6      6.3906839999E-01  -5.4672870485E-01
     7      2.6192998524E-01  -3.1218427006E-01
     8     -4.8105088213E-04   5.8903626546E-04
     9      6.3905360795E-01   5.4674487609E-01
    10     -2.6191577207E-01  -3.1219291418E-01
    11      4.8046964255E-04   5.8906144731E-04

#
# The atoms: label  mass x y z (in bohrs)
#
$atoms
4
 N     14.00700     -0.000000001448    -0.000241848431     0.000005734863
 H      1.00800      0.000000035051     2.015269586440    -0.003820051287
 H      1.00800     -1.735236260310    -1.005954470601     0.001870165745
 H      1.00800      1.735236245376    -1.005954430344     0.001870194834

$actual_temperature
  0.000000

$frequency_scale_factor
  1.000000

$dipole_derivatives
12
   -4.1941122853E-01    6.6064392195E-08   -2.8401730965E-08
   -1.6259690888E-06   -4.1617866221E-01   -1.0353714941E-03
    8.3382484169E-07   -1.0291442528E-03   -9.6524514117E-01
    1.3495976649E-01   -5.8267995619E-07    1.0676798966E-06
    9.0818736266E-07    1.4681602481E-01    3.3329887617E-04
   -7.0063465436E-07    3.3910398125E-04    3.2179053586E-01
    1.3484887274E-01    1.7765786738E-03   -6.6219571466E-06
    4.6055247628E-03    1.3526060088E-01    3.5105021482E-04
   -9.3724283075E-06    3.5042486054E-04    3.2213085909E-01
    1.3484931958E-01   -1.7762392978E-03    4.1649251501E-06
   -4.6067174138E-03    1.3525851450E-01    3.5101852699E-04
    1.0026488612E-05    3.4909562451E-04    3.2212886689E-01

#
# The IR spectrum
#  wavenumber eps Int TX TY TZ
#
$ir_spectrum
12
      0.00   0.00000000   0.00000000     0.000000     0.000000     0.000000
      0.00   0.00000000   0.00000000     0.000000     0.000000     0.000000
      0.00   0.00000000   0.00000000     0.000000     0.000000     0.000000
      0.00   0.00000000   0.00000000     0.000000     0.000000     0.000000
      0.00   0.00000000   0.00000000     0.000000     0.000000     0.000000
      0.00   0.00000000   0.00000000     0.000000     0.000000     0.000000
    531.68   0.07236642 365.71022811    -0.000003     0.000383     0.206094
   1067.51   0.00288888  14.59922439     0.029060     0.000012     0.000010
   1096.29   0.00279808  14.14036441    -0.000013     0.028222    -0.000013
   2387.44   0.01059999  53.56798823     0.000000    -0.037223     0.000076
   2492.42   0.00998085  50.43913761     0.035350     0.000000    -0.000000
   2700.45   0.00011611   0.58678903     0.000001    -0.003663     0.000008

#
# The IR spectrum
#  wavenumber eps Int TX TY TZ
#
$ir_spectrum
12
      0.00   0.00000000   0.00000000     0.000000     0.000000     0.000000
      0.00   0.00000000   0.00000000     0.000000     0.000000     0.000000
      0.00   0.00000000   0.00000000     0.000000     0.000000     0.000000
      0.00   0.00000000   0.00000000     0.000000     0.000000     0.000000
      0.00   0.00000000   0.00000000     0.000000     0.000000     0.000000
      0.00   0.00000000   0.00000000     0.000000     0.000000     0.000000
    531.68   0.07236642 365.71022811    -0.000003     0.000383     0.206094
   1067.51   0.00288888  14.59922439     0.029060     0.000012     0.000010
   1096.29   0.00279808  14.14036441    -0.000013     0.028222    -0.000013
   2387.44   0.01059999  53.56798823     0.000000    -0.037223     0.000076
   2492.42   0.00998085  50.43913761     0.035350     0.000000    -0.000000
   2700.45   0.00011611   0.58678903     0.000001    -0.003663     0.000008


$end

