
$orca_hessian_file

$act_atom
  0

$act_coord
  0

$act_energy
      -56.328425

$multiplicity
  1

$hessian
12
                    0                  1                  2                  3                  4        
    0      4.6838492307E-01  -1.9100338354E-06   1.6414559760E-06  -8.0472348803E-02   3.3468670311E-07
    1     -1.9100338354E-06   4.4231889430E-01  -2.6751533784E-03   3.7916129676E-06  -2.1601337269E-01
    2      1.6414559760E-06  -2.6751533784E-03   2.3240756435E-02   2.2340849848E-06   4.8461257343E-04
    3     -8.0472348803E-02   3.7916129676E-06   2.2340849848E-06   5.1062468942E-02  -8.7128143535E-07
    4      3.3468670311E-07  -2.1601337269E-01   4.8461257343E-04  -8.7128143535E-07   2.0683682634E-01
    5      6.7489307032E-06   8.8596458883E-04  -7.0808688701E-03  -7.0979517900E-07  -8.1335924853E-04
    6     -1.9395590910E-01  -5.7226055560E-02   1.3954737879E-03   1.4706019775E-02  -2.6051410550E-02
    7     -6.5292570105E-02  -1.1315280615E-01   1.7059829570E-03  -9.2194320374E-03   4.5881853158E-03
    8     -3.0492926868E-04   2.8836436184E-04  -8.0798792078E-03  -1.5248420773E-04  -1.4586783379E-03
    9     -1.9395666517E-01   5.7226012954E-02  -1.4052876973E-03   1.4703860086E-02   2.6051512329E-02
   10      6.5292306479E-02  -1.1315271546E-01   1.6967691704E-03   9.2169465216E-03   4.5883610322E-03
   11      3.0247725044E-04   2.8861310527E-04  -8.0800083574E-03   1.4929738580E-04  -1.4584858137E-03
                    5                  6                  7                  8                  9        
    0      6.7489307032E-06  -1.9395590910E-01  -6.5292570105E-02  -3.0492926868E-04  -1.9395666517E-01
    1      8.8596458883E-04  -5.7226055560E-02  -1.1315280615E-01   2.8836436184E-04   5.7226012954E-02
    2     -7.0808688701E-03   1.3954737879E-03   1.7059829570E-03  -8.0798792078E-03  -1.4052876973E-03
    3     -7.0979517900E-07   1.4706019775E-02  -9.2194320374E-03  -1.5248420773E-04   1.4703860086E-02
    4     -8.1335924853E-04  -2.6051410550E-02   4.5881853158E-03  -1.4586783379E-03   2.6051512329E-02
    5      7.7078402098E-03   3.7845554899E-03   1.5888202057E-03  -3.1341529428E-04  -3.7889320933E-03
    6      3.7845554899E-03   1.9969759598E-01   7.8894519462E-02  -2.3644931737E-03  -2.0447706651E-02
    7      1.5888202057E-03   7.8894519462E-02   8.3593057535E-02  -2.5454510534E-03  -2.6458389727E-03
    8     -3.1341529428E-04  -2.3644931737E-03  -2.5454510534E-03   1.1531207180E-02  -2.3097048897E-03
    9     -3.7889320933E-03  -2.0447706651E-02  -2.6458389727E-03  -2.3097048897E-03   1.9970051173E-01
   10      1.5844852807E-03   2.6462683006E-03   2.4971563299E-02   1.4867213846E-03  -7.8893603806E-02
   11     -3.1355604540E-04   2.3160754357E-03   1.4796915355E-03  -3.1379126777E-03   2.3680373042E-03
                   10                 11        
     0      6.5292306479E-02   3.0247725044E-04
     1     -1.1315271546E-01   2.8861310527E-04
     2      1.6967691704E-03  -8.0800083574E-03
     3      9.2169465216E-03   1.4929738580E-04
     4      4.5883610322E-03  -1.4584858137E-03
     5      1.5844852807E-03  -3.1355604540E-04
     6      2.6462683006E-03   2.3160754357E-03
     7      2.4971563299E-02   1.4796915355E-03
     8      1.4867213846E-03  -3.1379126777E-03
     9     -7.8893603806E-02   2.3680373042E-03
    10      8.3592791129E-02  -2.5388973314E-03
    11     -2.5388973314E-03   1.1531477081E-02

$vibrational_frequencies
12
    0        0.0000000000000000
    1        0.0000000000000000
    2        0.0000000000000000
    3        0.0000000000000000
    4        0.0000000000000000
    5        0.0000000000000000
    6      495.6518249589277616
    7     1300.1394471761616387
    8     1313.4746747112910725
    9     2426.7188197148602740
   10     2541.4147032313831005
   11     2694.5042627152115529

$normal_modes
12 12
                    0                  1                  2                  3                  4        
    0      0.0000000000E+00   0.0000000000E+00   0.0000000000E+00   0.0000000000E+00   0.0000000000E+00
    1      0.0000000000E+00   0.0000000000E+00   0.0000000000E+00   0.0000000000E+00   0.0000000000E+00
    2      0.0000000000E+00   0.0000000000E+00   0.0000000000E+00   0.0000000000E+00   0.0000000000E+00
    3      0.0000000000E+00   0.0000000000E+00   0.0000000000E+00   0.0000000000E+00   0.0000000000E+00
    4      0.0000000000E+00   0.0000000000E+00   0.0000000000E+00   0.0000000000E+00   0.0000000000E+00
    5      0.0000000000E+00   0.0000000000E+00   0.0000000000E+00   0.0000000000E+00   0.0000000000E+00
    6      0.0000000000E+00   0.0000000000E+00   0.0000000000E+00   0.0000000000E+00   0.0000000000E+00
    7      0.0000000000E+00   0.0000000000E+00   0.0000000000E+00   0.0000000000E+00   0.0000000000E+00
    8      0.0000000000E+00   0.0000000000E+00   0.0000000000E+00   0.0000000000E+00   0.0000000000E+00
    9      0.0000000000E+00   0.0000000000E+00   0.0000000000E+00   0.0000000000E+00   0.0000000000E+00
   10      0.0000000000E+00   0.0000000000E+00   0.0000000000E+00   0.0000000000E+00   0.0000000000E+00
   11      0.0000000000E+00   0.0000000000E+00   0.0000000000E+00   0.0000000000E+00   0.0000000000E+00
                    5                  6                  7                  8                  9        
    0      0.0000000000E+00   1.0599642534E-06  -6.4709655089E-02  -7.6729108307E-05  -4.9423874952E-07
    1      0.0000000000E+00  -1.3187316716E-03  -7.4734486199E-05   6.2664949280E-02  -9.9437298457E-02
    2      0.0000000000E+00  -1.2366544761E-01   2.4778486731E-07  -1.5209867038E-03   7.4125088031E-04
    3      0.0000000000E+00  -1.1468706880E-05   7.9028573609E-01   9.3209086808E-04  -4.3656009872E-06
    4      0.0000000000E+00   6.1866953220E-03  -3.1185727008E-04   2.6934563360E-01   9.1856088830E-01
    5      0.0000000000E+00   5.7197833564E-01  -2.7619843785E-07   6.2958481600E-03  -4.5855213351E-03
    6      0.0000000000E+00  -1.1252149649E-02   5.4016948856E-02   3.6981523989E-01   1.3972245947E-01
    7      0.0000000000E+00   6.0748058495E-03  -4.2671654090E-01  -5.7056611243E-01   2.3160737948E-01
    8      0.0000000000E+00   5.7322802379E-01   9.4394272071E-04   7.4208817190E-03  -2.8573956590E-03
    9      0.0000000000E+00   1.1248889269E-02   5.4891897229E-02  -3.6968111586E-01  -1.3971122601E-01
   10      0.0000000000E+00   6.0633743485E-03   4.2806689613E-01  -5.6956121221E-01   2.3159585870E-01
   11      0.0000000000E+00   5.7322808970E-01  -9.4710969949E-04   7.4186478597E-03  -2.8573816968E-03
                   10                 11        
     0     -9.9663724077E-02  -1.8436449792E-06
     1      2.7340140307E-07   1.6440557667E-02
     2     -1.8309410228E-07   1.2126655622E-03
     3      1.2025197730E-01   1.0723644624E-06
     4     -1.7740892251E-05   3.5190120646E-01
     5      8.7314196301E-07  -6.2896027561E-03
     6      6.3233919512E-01  -5.9471104031E-01
     7      2.9659248783E-01  -2.9017172723E-01
     8     -1.9571834837E-04  -5.2807087121E-03
     9      6.3231932673E-01   5.9473558693E-01
    10     -2.9657854608E-01  -2.9018472849E-01
    11      1.9738945154E-04  -5.2806870728E-03

#
# The atoms: label  mass x y z (in bohrs)
#
$atoms
4
 N     14.00700      0.000000007008    -0.000257755640     0.000141008977
 H      1.00800     -0.000000081327     2.009284730695    -0.004129138445
 H      1.00800     -1.730170915681    -1.002851448995     0.001084834150
 H      1.00800      1.730170899626    -1.002851552290     0.001084867048

$actual_temperature
  0.000000

$frequency_scale_factor
  1.000000

$dipole_derivatives
12
   -4.0176667455E-01    2.3155002422E-06   -2.0888774157E-07
   -2.3278568574E-07   -3.9801257177E-01   -9.8476680893E-04
    9.6749563222E-09   -9.9861314918E-04   -9.6881243634E-01
    1.3179413756E-01    8.3498286234E-07   -7.8483745480E-07
    2.1732142302E-07    1.3750564157E-01    4.3175865495E-04
    6.5985755777E-07    4.8052976011E-04    3.2267091924E-01
    1.3535884662E-01    3.9006975670E-03   -1.0320066145E-04
    2.0417517209E-03    1.3076286420E-01    2.7525587648E-04
   -1.2998702859E-04    2.6022305375E-04    3.2309240660E-01
    1.3535966723E-01   -3.9018520372E-03    1.0397701398E-04
   -2.0402523304E-03    1.3076183857E-01    2.7581815145E-04
    1.3007234050E-04    2.6042230484E-04    3.2309290617E-01

#
# The IR spectrum
#  wavenumber eps Int TX TY TZ
#
$ir_spectrum
12
      0.00   0.00000000   0.00000000     0.000000     0.000000     0.000000
      0.00   0.00000000   0.00000000     0.000000     0.000000     0.000000
      0.00   0.00000000   0.00000000     0.000000     0.000000     0.000000
      0.00   0.00000000   0.00000000     0.000000     0.000000     0.000000
      0.00   0.00000000   0.00000000     0.000000     0.000000     0.000000
      0.00   0.00000000   0.00000000     0.000000     0.000000     0.000000
    495.65   0.07278797 367.84055311    -0.000001     0.001133     0.214071
   1300.14   0.00372079  18.80332564     0.029884     0.000033    -0.000000
   1313.47   0.00328695  16.61090941     0.000035    -0.027896     0.001657
   2426.72   0.00878986  44.42035256     0.000000     0.033617    -0.000510
   2541.41   0.00884091  44.67833991     0.032948    -0.000000     0.000000
   2694.50   0.00029360   1.48370979     0.000001    -0.005750    -0.000969

#
# The IR spectrum
#  wavenumber eps Int TX TY TZ
#
$ir_spectrum
12
      0.00   0.00000000   0.00000000     0.000000     0.000000     0.000000
      0.00   0.00000000   0.00000000     0.000000     0.000000     0.000000
      0.00   0.00000000   0.00000000     0.000000     0.000000     0.000000
      0.00   0.00000000   0.00000000     0.000000     0.000000     0.000000
      0.00   0.00000000   0.00000000     0.000000     0.000000     0.000000
      0.00   0.00000000   0.00000000     0.000000     0.000000     0.000000
    495.65   0.07278797 367.84055311    -0.000001     0.001133     0.214071
   1300.14   0.00372079  18.80332564     0.029884     0.000033    -0.000000
   1313.47   0.00328695  16.61090941     0.000035    -0.027896     0.001657
   2426.72   0.00878986  44.42035256     0.000000     0.033617    -0.000510
   2541.41   0.00884091  44.67833991     0.032948    -0.000000     0.000000
   2694.50   0.00029360   1.48370979     0.000001    -0.005750    -0.000969


$end

